origin_date,location,target,horizon,target_end_date,output_type,output_type_id,value
2017-02-04,HHS Region 1,ili perc,1,2017-02-11,quantile,0.01,1.995643641262335
2017-02-04,HHS Region 1,ili perc,1,2017-02-11,quantile,0.025,2.1443821809380488
2017-02-04,HHS Region 1,ili perc,1,2017-02-11,quantile,0.05,2.1954955768140234
2017-02-04,HHS Region 1,ili perc,1,2017-02-11,quantile,0.1,2.2465381056385847
2017-02-04,HHS Region 1,ili perc,1,2017-02-11,quantile,0.15,2.273954718300044
2017-02-04,HHS Region 1,ili perc,1,2017-02-11,quantile,0.2,2.288819079205428
2017-02-04,HHS Region 1,ili perc,1,2017-02-11,quantile,0.25,2.2976110914646166
2017-02-04,HHS Region 1,ili perc,1,2017-02-11,quantile,0.3,2.307109174195953
2017-02-04,HHS Region 1,ili perc,1,2017-02-11,quantile,0.35,2.3144646040741312
2017-02-04,HHS Region 1,ili perc,1,2017-02-11,quantile,0.4,2.3244800240454815
2017-02-04,HHS Region 1,ili perc,1,2017-02-11,quantile,0.45,2.3302881533652706
2017-02-04,HHS Region 1,ili perc,1,2017-02-11,quantile,0.5,2.334701197360926
2017-02-04,HHS Region 1,ili perc,1,2017-02-11,quantile,0.55,2.340588732069567
2017-02-04,HHS Region 1,ili perc,1,2017-02-11,quantile,0.6,2.3474837266405992
2017-02-04,HHS Region 1,ili perc,1,2017-02-11,quantile,0.65,2.357281670443805
2017-02-04,HHS Region 1,ili perc,1,2017-02-11,quantile,0.7,2.3643068234263267
2017-02-04,HHS Region 1,ili perc,1,2017-02-11,quantile,0.75,2.3745741755506335
2017-02-04,HHS Region 1,ili perc,1,2017-02-11,quantile,0.8,2.385510766843187
2017-02-04,HHS Region 1,ili perc,1,2017-02-11,quantile,0.85,2.4007969150647117
2017-02-04,HHS Region 1,ili perc,1,2017-02-11,quantile,0.9,2.439914519711105
2017-02-04,HHS Region 1,ili perc,1,2017-02-11,quantile,0.95,2.506826332132856
2017-02-04,HHS Region 1,ili perc,1,2017-02-11,quantile,0.975,2.648021190832833
2017-02-04,HHS Region 1,ili perc,1,2017-02-11,quantile,0.99,2.9241616874200846
2017-02-04,HHS Region 1,ili perc,2,2017-02-18,quantile,0.01,1.8408728959643192
2017-02-04,HHS Region 1,ili perc,2,2017-02-18,quantile,0.025,1.9478968825241518
2017-02-04,HHS Region 1,ili perc,2,2017-02-18,quantile,0.05,1.993523264064341
2017-02-04,HHS Region 1,ili perc,2,2017-02-18,quantile,0.1,2.066270254535752
2017-02-04,HHS Region 1,ili perc,2,2017-02-18,quantile,0.15,2.085177790139714
2017-02-04,HHS Region 1,ili perc,2,2017-02-18,quantile,0.2,2.100645369086813
2017-02-04,HHS Region 1,ili perc,2,2017-02-18,quantile,0.25,2.113740188725573
2017-02-04,HHS Region 1,ili perc,2,2017-02-18,quantile,0.3,2.122428101314865
2017-02-04,HHS Region 1,ili perc,2,2017-02-18,quantile,0.35,2.1322049602925963
2017-02-04,HHS Region 1,ili perc,2,2017-02-18,quantile,0.4,2.1426046519230484
2017-02-04,HHS Region 1,ili perc,2,2017-02-18,quantile,0.45,2.1479865514109657
2017-02-04,HHS Region 1,ili perc,2,2017-02-18,quantile,0.5,2.1551129692199735
2017-02-04,HHS Region 1,ili perc,2,2017-02-18,quantile,0.55,2.1635175107940974
2017-02-04,HHS Region 1,ili perc,2,2017-02-18,quantile,0.6,2.1729164388267574
2017-02-04,HHS Region 1,ili perc,2,2017-02-18,quantile,0.65,2.182711415857264
2017-02-04,HHS Region 1,ili perc,2,2017-02-18,quantile,0.7,2.1952387130514692
2017-02-04,HHS Region 1,ili perc,2,2017-02-18,quantile,0.75,2.216742663092448
2017-02-04,HHS Region 1,ili perc,2,2017-02-18,quantile,0.8,2.2414053586959066
2017-02-04,HHS Region 1,ili perc,2,2017-02-18,quantile,0.85,2.2740685441606727
2017-02-04,HHS Region 1,ili perc,2,2017-02-18,quantile,0.9,2.3843720377865987
2017-02-04,HHS Region 1,ili perc,2,2017-02-18,quantile,0.95,2.7089034463910875
2017-02-04,HHS Region 1,ili perc,2,2017-02-18,quantile,0.975,2.855457153788077
2017-02-04,HHS Region 1,ili perc,2,2017-02-18,quantile,0.99,3.050875580397316
2017-02-04,HHS Region 1,ili perc,3,2017-02-25,quantile,0.01,1.6861299456521535
2017-02-04,HHS Region 1,ili perc,3,2017-02-25,quantile,0.025,1.8732349797726058
2017-02-04,HHS Region 1,ili perc,3,2017-02-25,quantile,0.05,1.9399860955325863
2017-02-04,HHS Region 1,ili perc,3,2017-02-25,quantile,0.1,2.0020860036855486
2017-02-04,HHS Region 1,ili perc,3,2017-02-25,quantile,0.15,2.0302011908010806
2017-02-04,HHS Region 1,ili perc,3,2017-02-25,quantile,0.2,2.0475553047477564
2017-02-04,HHS Region 1,ili perc,3,2017-02-25,quantile,0.25,2.061668454179136
2017-02-04,HHS Region 1,ili perc,3,2017-02-25,quantile,0.3,2.076270808533084
2017-02-04,HHS Region 1,ili perc,3,2017-02-25,quantile,0.35,2.0881214449977645
2017-02-04,HHS Region 1,ili perc,3,2017-02-25,quantile,0.4,2.1014274455775883
2017-02-04,HHS Region 1,ili perc,3,2017-02-25,quantile,0.45,2.1122233516605395
2017-02-04,HHS Region 1,ili perc,3,2017-02-25,quantile,0.5,2.1184342699373735
2017-02-04,HHS Region 1,ili perc,3,2017-02-25,quantile,0.55,2.1288375511592093
2017-02-04,HHS Region 1,ili perc,3,2017-02-25,quantile,0.6,2.139571613637062
2017-02-04,HHS Region 1,ili perc,3,2017-02-25,quantile,0.65,2.1518192618926397
2017-02-04,HHS Region 1,ili perc,3,2017-02-25,quantile,0.7,2.165104074864425
2017-02-04,HHS Region 1,ili perc,3,2017-02-25,quantile,0.75,2.186473092235648
2017-02-04,HHS Region 1,ili perc,3,2017-02-25,quantile,0.8,2.2066029463427572
2017-02-04,HHS Region 1,ili perc,3,2017-02-25,quantile,0.85,2.24482946646097
2017-02-04,HHS Region 1,ili perc,3,2017-02-25,quantile,0.9,2.364303432618337
2017-02-04,HHS Region 1,ili perc,3,2017-02-25,quantile,0.95,2.690664172975165
2017-02-04,HHS Region 1,ili perc,3,2017-02-25,quantile,0.975,2.8215546997694068
2017-02-04,HHS Region 1,ili perc,3,2017-02-25,quantile,0.99,3.0215552647751744
2017-02-04,HHS Region 1,ili perc,4,2017-03-04,quantile,0.01,1.7263037411357454
2017-02-04,HHS Region 1,ili perc,4,2017-03-04,quantile,0.025,1.8382483067633286
2017-02-04,HHS Region 1,ili perc,4,2017-03-04,quantile,0.05,1.9241208958149785
2017-02-04,HHS Region 1,ili perc,4,2017-03-04,quantile,0.1,1.9853667845295042
2017-02-04,HHS Region 1,ili perc,4,2017-03-04,quantile,0.15,2.0069901754544457
2017-02-04,HHS Region 1,ili perc,4,2017-03-04,quantile,0.2,2.028909385126212
2017-02-04,HHS Region 1,ili perc,4,2017-03-04,quantile,0.25,2.043977522798989
2017-02-04,HHS Region 1,ili perc,4,2017-03-04,quantile,0.3,2.05624752058827
2017-02-04,HHS Region 1,ili perc,4,2017-03-04,quantile,0.35,2.0672113190050183
2017-02-04,HHS Region 1,ili perc,4,2017-03-04,quantile,0.4,2.0773490655072675
2017-02-04,HHS Region 1,ili perc,4,2017-03-04,quantile,0.45,2.086213986353526
2017-02-04,HHS Region 1,ili perc,4,2017-03-04,quantile,0.5,2.097021932416914
2017-02-04,HHS Region 1,ili perc,4,2017-03-04,quantile,0.55,2.1065743500507215
2017-02-04,HHS Region 1,ili perc,4,2017-03-04,quantile,0.6,2.114595511325965
2017-02-04,HHS Region 1,ili perc,4,2017-03-04,quantile,0.65,2.123537170817241
2017-02-04,HHS Region 1,ili perc,4,2017-03-04,quantile,0.7,2.1376506770006967
2017-02-04,HHS Region 1,ili perc,4,2017-03-04,quantile,0.75,2.152079422984969
2017-02-04,HHS Region 1,ili perc,4,2017-03-04,quantile,0.8,2.176771225445769
2017-02-04,HHS Region 1,ili perc,4,2017-03-04,quantile,0.85,2.227413437798656
2017-02-04,HHS Region 1,ili perc,4,2017-03-04,quantile,0.9,2.4705239887446067
2017-02-04,HHS Region 1,ili perc,4,2017-03-04,quantile,0.95,2.669474160524288
2017-02-04,HHS Region 1,ili perc,4,2017-03-04,quantile,0.975,2.728872909781949
2017-02-04,HHS Region 1,ili perc,4,2017-03-04,quantile,0.99,2.950726020189178
2017-02-04,HHS Region 10,ili perc,1,2017-02-11,quantile,0.01,1.995424808304254
2017-02-04,HHS Region 10,ili perc,1,2017-02-11,quantile,0.025,2.1001123402754223
2017-02-04,HHS Region 10,ili perc,1,2017-02-11,quantile,0.05,2.184779007782218
2017-02-04,HHS Region 10,ili perc,1,2017-02-11,quantile,0.1,2.3176703140421884
2017-02-04,HHS Region 10,ili perc,1,2017-02-11,quantile,0.15,2.346358453331013
2017-02-04,HHS Region 10,ili perc,1,2017-02-11,quantile,0.2,2.3903176796685477
2017-02-04,HHS Region 10,ili perc,1,2017-02-11,quantile,0.25,2.422230041110595
2017-02-04,HHS Region 10,ili perc,1,2017-02-11,quantile,0.3,2.444133069224239
2017-02-04,HHS Region 10,ili perc,1,2017-02-11,quantile,0.35,2.4623245072042907
2017-02-04,HHS Region 10,ili perc,1,2017-02-11,quantile,0.4,2.483277566218093
2017-02-04,HHS Region 10,ili perc,1,2017-02-11,quantile,0.45,2.495102351679819
2017-02-04,HHS Region 10,ili perc,1,2017-02-11,quantile,0.5,2.5049817843448308
2017-02-04,HHS Region 10,ili perc,1,2017-02-11,quantile,0.55,2.5158061528514635
2017-02-04,HHS Region 10,ili perc,1,2017-02-11,quantile,0.6,2.5261570990506237
2017-02-04,HHS Region 10,ili perc,1,2017-02-11,quantile,0.65,2.5378032663374652
2017-02-04,HHS Region 10,ili perc,1,2017-02-11,quantile,0.7,2.561266378224869
2017-02-04,HHS Region 10,ili perc,1,2017-02-11,quantile,0.75,2.5757280148476918
2017-02-04,HHS Region 10,ili perc,1,2017-02-11,quantile,0.8,2.6031014909874433
2017-02-04,HHS Region 10,ili perc,1,2017-02-11,quantile,0.85,2.6617676554846104
2017-02-04,HHS Region 10,ili perc,1,2017-02-11,quantile,0.9,2.731705738899332
2017-02-04,HHS Region 10,ili perc,1,2017-02-11,quantile,0.95,2.9127608280505326
2017-02-04,HHS Region 10,ili perc,1,2017-02-11,quantile,0.975,3.2804462836567603
2017-02-04,HHS Region 10,ili perc,1,2017-02-11,quantile,0.99,3.5290571250572422
2017-02-04,HHS Region 10,ili perc,2,2017-02-18,quantile,0.01,1.5020035307674913
2017-02-04,HHS Region 10,ili perc,2,2017-02-18,quantile,0.025,1.678420057690095
2017-02-04,HHS Region 10,ili perc,2,2017-02-18,quantile,0.05,1.8064806620524605
2017-02-04,HHS Region 10,ili perc,2,2017-02-18,quantile,0.1,1.918783635726046
2017-02-04,HHS Region 10,ili perc,2,2017-02-18,quantile,0.15,1.9639083970897755
2017-02-04,HHS Region 10,ili perc,2,2017-02-18,quantile,0.2,2.023151530332826
2017-02-04,HHS Region 10,ili perc,2,2017-02-18,quantile,0.25,2.0774006455142544
2017-02-04,HHS Region 10,ili perc,2,2017-02-18,quantile,0.3,2.15707213085129
2017-02-04,HHS Region 10,ili perc,2,2017-02-18,quantile,0.35,2.226786906828723
2017-02-04,HHS Region 10,ili perc,2,2017-02-18,quantile,0.4,2.3089085074869744
2017-02-04,HHS Region 10,ili perc,2,2017-02-18,quantile,0.45,2.3722928986897753
2017-02-04,HHS Region 10,ili perc,2,2017-02-18,quantile,0.5,2.446600866898047
2017-02-04,HHS Region 10,ili perc,2,2017-02-18,quantile,0.55,2.502220506333357
2017-02-04,HHS Region 10,ili perc,2,2017-02-18,quantile,0.6,2.5761133754914662
2017-02-04,HHS Region 10,ili perc,2,2017-02-18,quantile,0.65,2.653707905492222
2017-02-04,HHS Region 10,ili perc,2,2017-02-18,quantile,0.7,2.7355500035282754
2017-02-04,HHS Region 10,ili perc,2,2017-02-18,quantile,0.75,2.7889933698753997
2017-02-04,HHS Region 10,ili perc,2,2017-02-18,quantile,0.8,2.8595954406909767
2017-02-04,HHS Region 10,ili perc,2,2017-02-18,quantile,0.85,2.918455015946537
2017-02-04,HHS Region 10,ili perc,2,2017-02-18,quantile,0.9,3.047835089303771
2017-02-04,HHS Region 10,ili perc,2,2017-02-18,quantile,0.95,3.5072177358190415
2017-02-04,HHS Region 10,ili perc,2,2017-02-18,quantile,0.975,3.694963354612603
2017-02-04,HHS Region 10,ili perc,2,2017-02-18,quantile,0.99,3.9467004516678306
2017-02-04,HHS Region 10,ili perc,3,2017-02-25,quantile,0.01,1.4816277210530506
2017-02-04,HHS Region 10,ili perc,3,2017-02-25,quantile,0.025,1.6015983159062772
2017-02-04,HHS Region 10,ili perc,3,2017-02-25,quantile,0.05,1.705444367562801
2017-02-04,HHS Region 10,ili perc,3,2017-02-25,quantile,0.1,1.8096364858181841
2017-02-04,HHS Region 10,ili perc,3,2017-02-25,quantile,0.15,1.8724919333752288
2017-02-04,HHS Region 10,ili perc,3,2017-02-25,quantile,0.2,1.9259815650959575
2017-02-04,HHS Region 10,ili perc,3,2017-02-25,quantile,0.25,1.9663565426656466
2017-02-04,HHS Region 10,ili perc,3,2017-02-25,quantile,0.3,2.0015245002990416
2017-02-04,HHS Region 10,ili perc,3,2017-02-25,quantile,0.35,2.0404099011599923
2017-02-04,HHS Region 10,ili perc,3,2017-02-25,quantile,0.4,2.080587912555752
2017-02-04,HHS Region 10,ili perc,3,2017-02-25,quantile,0.45,2.1647186120877566
2017-02-04,HHS Region 10,ili perc,3,2017-02-25,quantile,0.5,2.33009317832577
2017-02-04,HHS Region 10,ili perc,3,2017-02-25,quantile,0.55,2.555989451626152
2017-02-04,HHS Region 10,ili perc,3,2017-02-25,quantile,0.6,2.7371498864715575
2017-02-04,HHS Region 10,ili perc,3,2017-02-25,quantile,0.65,2.8310005722210443
2017-02-04,HHS Region 10,ili perc,3,2017-02-25,quantile,0.7,2.8933395604809786
2017-02-04,HHS Region 10,ili perc,3,2017-02-25,quantile,0.75,2.940243014316134
2017-02-04,HHS Region 10,ili perc,3,2017-02-25,quantile,0.8,3.0204325162620225
2017-02-04,HHS Region 10,ili perc,3,2017-02-25,quantile,0.85,3.2360413505276284
2017-02-04,HHS Region 10,ili perc,3,2017-02-25,quantile,0.9,3.46751521448442
2017-02-04,HHS Region 10,ili perc,3,2017-02-25,quantile,0.95,3.668126653390415
2017-02-04,HHS Region 10,ili perc,3,2017-02-25,quantile,0.975,3.8340562948625
2017-02-04,HHS Region 10,ili perc,3,2017-02-25,quantile,0.99,4.074011633399292
2017-02-04,HHS Region 10,ili perc,4,2017-03-04,quantile,0.01,1.3097370364789813
2017-02-04,HHS Region 10,ili perc,4,2017-03-04,quantile,0.025,1.55924802792879
2017-02-04,HHS Region 10,ili perc,4,2017-03-04,quantile,0.05,1.6433127986148746
2017-02-04,HHS Region 10,ili perc,4,2017-03-04,quantile,0.1,1.737337348278869
2017-02-04,HHS Region 10,ili perc,4,2017-03-04,quantile,0.15,1.8194092346712916
2017-02-04,HHS Region 10,ili perc,4,2017-03-04,quantile,0.2,1.8670417119260254
2017-02-04,HHS Region 10,ili perc,4,2017-03-04,quantile,0.25,1.8965194711271198
2017-02-04,HHS Region 10,ili perc,4,2017-03-04,quantile,0.3,1.928983125206361
2017-02-04,HHS Region 10,ili perc,4,2017-03-04,quantile,0.35,1.9784339447056107
2017-02-04,HHS Region 10,ili perc,4,2017-03-04,quantile,0.4,2.0233117983917874
2017-02-04,HHS Region 10,ili perc,4,2017-03-04,quantile,0.45,2.077284508164515
2017-02-04,HHS Region 10,ili perc,4,2017-03-04,quantile,0.5,2.2495941750730157
2017-02-04,HHS Region 10,ili perc,4,2017-03-04,quantile,0.55,2.631019979525007
2017-02-04,HHS Region 10,ili perc,4,2017-03-04,quantile,0.6,2.786177576168374
2017-02-04,HHS Region 10,ili perc,4,2017-03-04,quantile,0.65,2.885776832311296
2017-02-04,HHS Region 10,ili perc,4,2017-03-04,quantile,0.7,2.995605928762804
2017-02-04,HHS Region 10,ili perc,4,2017-03-04,quantile,0.75,3.2294158237334916
2017-02-04,HHS Region 10,ili perc,4,2017-03-04,quantile,0.8,3.383967916948172
2017-02-04,HHS Region 10,ili perc,4,2017-03-04,quantile,0.85,3.500283642984363
2017-02-04,HHS Region 10,ili perc,4,2017-03-04,quantile,0.9,3.5780726179795073
2017-02-04,HHS Region 10,ili perc,4,2017-03-04,quantile,0.95,3.6862785174271875
2017-02-04,HHS Region 10,ili perc,4,2017-03-04,quantile,0.975,3.8756654221903757
2017-02-04,HHS Region 10,ili perc,4,2017-03-04,quantile,0.99,4.2408128664017966
2017-02-04,HHS Region 2,ili perc,1,2017-02-11,quantile,0.01,5.40004754923466
2017-02-04,HHS Region 2,ili perc,1,2017-02-11,quantile,0.025,5.446367641638404
2017-02-04,HHS Region 2,ili perc,1,2017-02-11,quantile,0.05,5.531552955173056
2017-02-04,HHS Region 2,ili perc,1,2017-02-11,quantile,0.1,5.606270875827844
2017-02-04,HHS Region 2,ili perc,1,2017-02-11,quantile,0.15,5.649678202473915
2017-02-04,HHS Region 2,ili perc,1,2017-02-11,quantile,0.2,5.694963306929921
2017-02-04,HHS Region 2,ili perc,1,2017-02-11,quantile,0.25,5.718894267496923
2017-02-04,HHS Region 2,ili perc,1,2017-02-11,quantile,0.3,5.7287070654268515
2017-02-04,HHS Region 2,ili perc,1,2017-02-11,quantile,0.35,5.743820399113323
2017-02-04,HHS Region 2,ili perc,1,2017-02-11,quantile,0.4,5.755908251626412
2017-02-04,HHS Region 2,ili perc,1,2017-02-11,quantile,0.45,5.770846861037123
2017-02-04,HHS Region 2,ili perc,1,2017-02-11,quantile,0.5,5.785597709124447
2017-02-04,HHS Region 2,ili perc,1,2017-02-11,quantile,0.55,5.795981671218226
2017-02-04,HHS Region 2,ili perc,1,2017-02-11,quantile,0.6,5.8071471905490455
2017-02-04,HHS Region 2,ili perc,1,2017-02-11,quantile,0.65,5.813924221142141
2017-02-04,HHS Region 2,ili perc,1,2017-02-11,quantile,0.7,5.826378242450272
2017-02-04,HHS Region 2,ili perc,1,2017-02-11,quantile,0.75,5.84188635571352
2017-02-04,HHS Region 2,ili perc,1,2017-02-11,quantile,0.8,5.86262758034838
2017-02-04,HHS Region 2,ili perc,1,2017-02-11,quantile,0.85,5.902672598917162
2017-02-04,HHS Region 2,ili perc,1,2017-02-11,quantile,0.9,5.956631955025627
2017-02-04,HHS Region 2,ili perc,1,2017-02-11,quantile,0.95,6.061997917438638
2017-02-04,HHS Region 2,ili perc,1,2017-02-11,quantile,0.975,6.176721780479637
2017-02-04,HHS Region 2,ili perc,1,2017-02-11,quantile,0.99,6.498432700957753
2017-02-04,HHS Region 2,ili perc,2,2017-02-18,quantile,0.01,5.091886102486248
2017-02-04,HHS Region 2,ili perc,2,2017-02-18,quantile,0.025,5.241826327737869
2017-02-04,HHS Region 2,ili perc,2,2017-02-18,quantile,0.05,5.324302207477223
2017-02-04,HHS Region 2,ili perc,2,2017-02-18,quantile,0.1,5.426657011514531
2017-02-04,HHS Region 2,ili perc,2,2017-02-18,quantile,0.15,5.478284455889365
2017-02-04,HHS Region 2,ili perc,2,2017-02-18,quantile,0.2,5.53405353950334
2017-02-04,HHS Region 2,ili perc,2,2017-02-18,quantile,0.25,5.56253685247497
2017-02-04,HHS Region 2,ili perc,2,2017-02-18,quantile,0.3,5.591990826726536
2017-02-04,HHS Region 2,ili perc,2,2017-02-18,quantile,0.35,5.612539014377937
2017-02-04,HHS Region 2,ili perc,2,2017-02-18,quantile,0.4,5.6302258965361185
2017-02-04,HHS Region 2,ili perc,2,2017-02-18,quantile,0.45,5.650028262019617
2017-02-04,HHS Region 2,ili perc,2,2017-02-18,quantile,0.5,5.66591512022874
2017-02-04,HHS Region 2,ili perc,2,2017-02-18,quantile,0.55,5.676546736930867
2017-02-04,HHS Region 2,ili perc,2,2017-02-18,quantile,0.6,5.690640666448888
2017-02-04,HHS Region 2,ili perc,2,2017-02-18,quantile,0.65,5.703484555774544
2017-02-04,HHS Region 2,ili perc,2,2017-02-18,quantile,0.7,5.715942566391622
2017-02-04,HHS Region 2,ili perc,2,2017-02-18,quantile,0.75,5.737650193461604
2017-02-04,HHS Region 2,ili perc,2,2017-02-18,quantile,0.8,5.760060949518941
2017-02-04,HHS Region 2,ili perc,2,2017-02-18,quantile,0.85,5.800532512137666
2017-02-04,HHS Region 2,ili perc,2,2017-02-18,quantile,0.9,5.848542821879113
2017-02-04,HHS Region 2,ili perc,2,2017-02-18,quantile,0.95,5.929058927296241
2017-02-04,HHS Region 2,ili perc,2,2017-02-18,quantile,0.975,6.034592398170831
2017-02-04,HHS Region 2,ili perc,2,2017-02-18,quantile,0.99,6.367587466129279
2017-02-04,HHS Region 2,ili perc,3,2017-02-25,quantile,0.01,4.787611120133657
2017-02-04,HHS Region 2,ili perc,3,2017-02-25,quantile,0.025,4.905634649122451
2017-02-04,HHS Region 2,ili perc,3,2017-02-25,quantile,0.05,5.0201023995548395
2017-02-04,HHS Region 2,ili perc,3,2017-02-25,quantile,0.1,5.161392921128985
2017-02-04,HHS Region 2,ili perc,3,2017-02-25,quantile,0.15,5.234434529799373
2017-02-04,HHS Region 2,ili perc,3,2017-02-25,quantile,0.2,5.282299023167971
2017-02-04,HHS Region 2,ili perc,3,2017-02-25,quantile,0.25,5.32942255831913
2017-02-04,HHS Region 2,ili perc,3,2017-02-25,quantile,0.3,5.368018123935148
2017-02-04,HHS Region 2,ili perc,3,2017-02-25,quantile,0.35,5.402052538720852
2017-02-04,HHS Region 2,ili perc,3,2017-02-25,quantile,0.4,5.430054494260334
2017-02-04,HHS Region 2,ili perc,3,2017-02-25,quantile,0.45,5.458556410747683
2017-02-04,HHS Region 2,ili perc,3,2017-02-25,quantile,0.5,5.487900488236412
2017-02-04,HHS Region 2,ili perc,3,2017-02-25,quantile,0.55,5.50843796165975
2017-02-04,HHS Region 2,ili perc,3,2017-02-25,quantile,0.6,5.52970060653638
2017-02-04,HHS Region 2,ili perc,3,2017-02-25,quantile,0.65,5.549580855401334
2017-02-04,HHS Region 2,ili perc,3,2017-02-25,quantile,0.7,5.572835099990918
2017-02-04,HHS Region 2,ili perc,3,2017-02-25,quantile,0.75,5.592427973222479
2017-02-04,HHS Region 2,ili perc,3,2017-02-25,quantile,0.8,5.612866965557121
2017-02-04,HHS Region 2,ili perc,3,2017-02-25,quantile,0.85,5.638890049715704
2017-02-04,HHS Region 2,ili perc,3,2017-02-25,quantile,0.9,5.709582731129009
2017-02-04,HHS Region 2,ili perc,3,2017-02-25,quantile,0.95,5.809048199748786
2017-02-04,HHS Region 2,ili perc,3,2017-02-25,quantile,0.975,5.953926306852851
2017-02-04,HHS Region 2,ili perc,3,2017-02-25,quantile,0.99,6.189770085593005
2017-02-04,HHS Region 2,ili perc,4,2017-03-04,quantile,0.01,4.275135931808674
2017-02-04,HHS Region 2,ili perc,4,2017-03-04,quantile,0.025,4.349819442735328
2017-02-04,HHS Region 2,ili perc,4,2017-03-04,quantile,0.05,4.500250107749229
2017-02-04,HHS Region 2,ili perc,4,2017-03-04,quantile,0.1,4.63135651801485
2017-02-04,HHS Region 2,ili perc,4,2017-03-04,quantile,0.15,4.702455536315688
2017-02-04,HHS Region 2,ili perc,4,2017-03-04,quantile,0.2,4.75897132985203
2017-02-04,HHS Region 2,ili perc,4,2017-03-04,quantile,0.25,4.834819674927749
2017-02-04,HHS Region 2,ili perc,4,2017-03-04,quantile,0.3,4.887491854689853
2017-02-04,HHS Region 2,ili perc,4,2017-03-04,quantile,0.35,4.943259595650279
2017-02-04,HHS Region 2,ili perc,4,2017-03-04,quantile,0.4,4.97995390457923
2017-02-04,HHS Region 2,ili perc,4,2017-03-04,quantile,0.45,5.012053174580695
2017-02-04,HHS Region 2,ili perc,4,2017-03-04,quantile,0.5,5.034687602521632
2017-02-04,HHS Region 2,ili perc,4,2017-03-04,quantile,0.55,5.06522298072418
2017-02-04,HHS Region 2,ili perc,4,2017-03-04,quantile,0.6,5.091240178979434
2017-02-04,HHS Region 2,ili perc,4,2017-03-04,quantile,0.65,5.1230101628086775
2017-02-04,HHS Region 2,ili perc,4,2017-03-04,quantile,0.7,5.164962387894111
2017-02-04,HHS Region 2,ili perc,4,2017-03-04,quantile,0.75,5.197479641258978
2017-02-04,HHS Region 2,ili perc,4,2017-03-04,quantile,0.8,5.230036433799045
2017-02-04,HHS Region 2,ili perc,4,2017-03-04,quantile,0.85,5.270664726271595
2017-02-04,HHS Region 2,ili perc,4,2017-03-04,quantile,0.9,5.324259538732285
2017-02-04,HHS Region 2,ili perc,4,2017-03-04,quantile,0.95,5.430286066320433
2017-02-04,HHS Region 2,ili perc,4,2017-03-04,quantile,0.975,5.549617228398048
2017-02-04,HHS Region 2,ili perc,4,2017-03-04,quantile,0.99,5.751095823093139
2017-02-04,HHS Region 3,ili perc,1,2017-02-11,quantile,0.01,3.014690072863969
2017-02-04,HHS Region 3,ili perc,1,2017-02-11,quantile,0.025,3.0938742945271156
2017-02-04,HHS Region 3,ili perc,1,2017-02-11,quantile,0.05,3.23234004447777
2017-02-04,HHS Region 3,ili perc,1,2017-02-11,quantile,0.1,3.3258007133833565
2017-02-04,HHS Region 3,ili perc,1,2017-02-11,quantile,0.15,3.3659305421377717
2017-02-04,HHS Region 3,ili perc,1,2017-02-11,quantile,0.2,3.3865741021936784
2017-02-04,HHS Region 3,ili perc,1,2017-02-11,quantile,0.25,3.407678140289227
2017-02-04,HHS Region 3,ili perc,1,2017-02-11,quantile,0.3,3.4238184468192547
2017-02-04,HHS Region 3,ili perc,1,2017-02-11,quantile,0.35,3.4363009366212536
2017-02-04,HHS Region 3,ili perc,1,2017-02-11,quantile,0.4,3.4448672163263794
2017-02-04,HHS Region 3,ili perc,1,2017-02-11,quantile,0.45,3.4558999064841944
2017-02-04,HHS Region 3,ili perc,1,2017-02-11,quantile,0.5,3.466310552479869
2017-02-04,HHS Region 3,ili perc,1,2017-02-11,quantile,0.55,3.474113902190599
2017-02-04,HHS Region 3,ili perc,1,2017-02-11,quantile,0.6,3.490027733284789
2017-02-04,HHS Region 3,ili perc,1,2017-02-11,quantile,0.65,3.4999419310074353
2017-02-04,HHS Region 3,ili perc,1,2017-02-11,quantile,0.7,3.5144719403019087
2017-02-04,HHS Region 3,ili perc,1,2017-02-11,quantile,0.75,3.5357221715847578
2017-02-04,HHS Region 3,ili perc,1,2017-02-11,quantile,0.8,3.5547815749746348
2017-02-04,HHS Region 3,ili perc,1,2017-02-11,quantile,0.85,3.6015832619499215
2017-02-04,HHS Region 3,ili perc,1,2017-02-11,quantile,0.9,3.6772807415679525
2017-02-04,HHS Region 3,ili perc,1,2017-02-11,quantile,0.95,3.818165075418459
2017-02-04,HHS Region 3,ili perc,1,2017-02-11,quantile,0.975,4.014335483654486
2017-02-04,HHS Region 3,ili perc,1,2017-02-11,quantile,0.99,4.34434572687969
2017-02-04,HHS Region 3,ili perc,2,2017-02-18,quantile,0.01,2.570522151744737
2017-02-04,HHS Region 3,ili perc,2,2017-02-18,quantile,0.025,2.73324832534751
2017-02-04,HHS Region 3,ili perc,2,2017-02-18,quantile,0.05,2.8499225232343197
2017-02-04,HHS Region 3,ili perc,2,2017-02-18,quantile,0.1,2.933052298502967
2017-02-04,HHS Region 3,ili perc,2,2017-02-18,quantile,0.15,2.978381595245081
2017-02-04,HHS Region 3,ili perc,2,2017-02-18,quantile,0.2,3.0110233647986613
2017-02-04,HHS Region 3,ili perc,2,2017-02-18,quantile,0.25,3.0362283668535315
2017-02-04,HHS Region 3,ili perc,2,2017-02-18,quantile,0.3,3.055774065558526
2017-02-04,HHS Region 3,ili perc,2,2017-02-18,quantile,0.35,3.066897550857152
2017-02-04,HHS Region 3,ili perc,2,2017-02-18,quantile,0.4,3.0814820083516694
2017-02-04,HHS Region 3,ili perc,2,2017-02-18,quantile,0.45,3.094949265795552
2017-02-04,HHS Region 3,ili perc,2,2017-02-18,quantile,0.5,3.108576662668203
2017-02-04,HHS Region 3,ili perc,2,2017-02-18,quantile,0.55,3.122490571607824
2017-02-04,HHS Region 3,ili perc,2,2017-02-18,quantile,0.6,3.1403836092154003
2017-02-04,HHS Region 3,ili perc,2,2017-02-18,quantile,0.65,3.1643973929891067
2017-02-04,HHS Region 3,ili perc,2,2017-02-18,quantile,0.7,3.18423405454297
2017-02-04,HHS Region 3,ili perc,2,2017-02-18,quantile,0.75,3.223195136931845
2017-02-04,HHS Region 3,ili perc,2,2017-02-18,quantile,0.8,3.270688382203313
2017-02-04,HHS Region 3,ili perc,2,2017-02-18,quantile,0.85,3.363115412805722
2017-02-04,HHS Region 3,ili perc,2,2017-02-18,quantile,0.9,3.601410466524989
2017-02-04,HHS Region 3,ili perc,2,2017-02-18,quantile,0.95,4.060026564143444
2017-02-04,HHS Region 3,ili perc,2,2017-02-18,quantile,0.975,4.288342977062153
2017-02-04,HHS Region 3,ili perc,2,2017-02-18,quantile,0.99,4.6960794245457835
2017-02-04,HHS Region 3,ili perc,3,2017-02-25,quantile,0.01,2.499554537109953
2017-02-04,HHS Region 3,ili perc,3,2017-02-25,quantile,0.025,2.561207768035706
2017-02-04,HHS Region 3,ili perc,3,2017-02-25,quantile,0.05,2.6469935686183863
2017-02-04,HHS Region 3,ili perc,3,2017-02-25,quantile,0.1,2.777942912673112
2017-02-04,HHS Region 3,ili perc,3,2017-02-25,quantile,0.15,2.8542591964458652
2017-02-04,HHS Region 3,ili perc,3,2017-02-25,quantile,0.2,2.894702782197671
2017-02-04,HHS Region 3,ili perc,3,2017-02-25,quantile,0.25,2.9302792359292154
2017-02-04,HHS Region 3,ili perc,3,2017-02-25,quantile,0.3,2.9652677463839217
2017-02-04,HHS Region 3,ili perc,3,2017-02-25,quantile,0.35,2.9871127330417515
2017-02-04,HHS Region 3,ili perc,3,2017-02-25,quantile,0.4,3.0046332206918045
2017-02-04,HHS Region 3,ili perc,3,2017-02-25,quantile,0.45,3.0292639017915275
2017-02-04,HHS Region 3,ili perc,3,2017-02-25,quantile,0.5,3.0452390092849995
2017-02-04,HHS Region 3,ili perc,3,2017-02-25,quantile,0.55,3.0645451923027647
2017-02-04,HHS Region 3,ili perc,3,2017-02-25,quantile,0.6,3.087455625264549
2017-02-04,HHS Region 3,ili perc,3,2017-02-25,quantile,0.65,3.1092544029798543
2017-02-04,HHS Region 3,ili perc,3,2017-02-25,quantile,0.7,3.131561910060528
2017-02-04,HHS Region 3,ili perc,3,2017-02-25,quantile,0.75,3.1583004688314458
2017-02-04,HHS Region 3,ili perc,3,2017-02-25,quantile,0.8,3.2095913239066407
2017-02-04,HHS Region 3,ili perc,3,2017-02-25,quantile,0.85,3.3162537740080946
2017-02-04,HHS Region 3,ili perc,3,2017-02-25,quantile,0.9,3.667823713369621
2017-02-04,HHS Region 3,ili perc,3,2017-02-25,quantile,0.95,4.021154137201
2017-02-04,HHS Region 3,ili perc,3,2017-02-25,quantile,0.975,4.252234707488786
2017-02-04,HHS Region 3,ili perc,3,2017-02-25,quantile,0.99,4.527932715941513
2017-02-04,HHS Region 3,ili perc,4,2017-03-04,quantile,0.01,2.301424180764903
2017-02-04,HHS Region 3,ili perc,4,2017-03-04,quantile,0.025,2.4701571117201935
2017-02-04,HHS Region 3,ili perc,4,2017-03-04,quantile,0.05,2.5742619182243285
2017-02-04,HHS Region 3,ili perc,4,2017-03-04,quantile,0.1,2.644612053050839
2017-02-04,HHS Region 3,ili perc,4,2017-03-04,quantile,0.15,2.7134153740263285
2017-02-04,HHS Region 3,ili perc,4,2017-03-04,quantile,0.2,2.7850678134230336
2017-02-04,HHS Region 3,ili perc,4,2017-03-04,quantile,0.25,2.8398901382074238
2017-02-04,HHS Region 3,ili perc,4,2017-03-04,quantile,0.3,2.8689952016872033
2017-02-04,HHS Region 3,ili perc,4,2017-03-04,quantile,0.35,2.90142383179215
2017-02-04,HHS Region 3,ili perc,4,2017-03-04,quantile,0.4,2.9304748356561934
2017-02-04,HHS Region 3,ili perc,4,2017-03-04,quantile,0.45,2.9556413873074225
2017-02-04,HHS Region 3,ili perc,4,2017-03-04,quantile,0.5,2.9929595100569504
2017-02-04,HHS Region 3,ili perc,4,2017-03-04,quantile,0.55,3.0182198319951374
2017-02-04,HHS Region 3,ili perc,4,2017-03-04,quantile,0.6,3.0402827607079863
2017-02-04,HHS Region 3,ili perc,4,2017-03-04,quantile,0.65,3.074844577918104
2017-02-04,HHS Region 3,ili perc,4,2017-03-04,quantile,0.7,3.10741912714913
2017-02-04,HHS Region 3,ili perc,4,2017-03-04,quantile,0.75,3.1358855977854736
2017-02-04,HHS Region 3,ili perc,4,2017-03-04,quantile,0.8,3.177361287724787
2017-02-04,HHS Region 3,ili perc,4,2017-03-04,quantile,0.85,3.3124900326011333
2017-02-04,HHS Region 3,ili perc,4,2017-03-04,quantile,0.9,3.7648647556960806
2017-02-04,HHS Region 3,ili perc,4,2017-03-04,quantile,0.95,4.105644830027892
2017-02-04,HHS Region 3,ili perc,4,2017-03-04,quantile,0.975,4.360917664324683
2017-02-04,HHS Region 3,ili perc,4,2017-03-04,quantile,0.99,4.595853748357873
2017-02-04,HHS Region 4,ili perc,1,2017-02-11,quantile,0.01,3.6736485268206898
2017-02-04,HHS Region 4,ili perc,1,2017-02-11,quantile,0.025,3.7749435874143136
2017-02-04,HHS Region 4,ili perc,1,2017-02-11,quantile,0.05,3.862888016367212
2017-02-04,HHS Region 4,ili perc,1,2017-02-11,quantile,0.1,3.9284516024796328
2017-02-04,HHS Region 4,ili perc,1,2017-02-11,quantile,0.15,3.9656657844955125
2017-02-04,HHS Region 4,ili perc,1,2017-02-11,quantile,0.2,3.991049994715565
2017-02-04,HHS Region 4,ili perc,1,2017-02-11,quantile,0.25,4.0089945492111685
2017-02-04,HHS Region 4,ili perc,1,2017-02-11,quantile,0.3,4.021561874621227
2017-02-04,HHS Region 4,ili perc,1,2017-02-11,quantile,0.35,4.031161581672765
2017-02-04,HHS Region 4,ili perc,1,2017-02-11,quantile,0.4,4.03829973872549
2017-02-04,HHS Region 4,ili perc,1,2017-02-11,quantile,0.45,4.048797252084696
2017-02-04,HHS Region 4,ili perc,1,2017-02-11,quantile,0.5,4.058820672289353
2017-02-04,HHS Region 4,ili perc,1,2017-02-11,quantile,0.55,4.067587515669453
2017-02-04,HHS Region 4,ili perc,1,2017-02-11,quantile,0.6,4.075393018108416
2017-02-04,HHS Region 4,ili perc,1,2017-02-11,quantile,0.65,4.08156549492817
2017-02-04,HHS Region 4,ili perc,1,2017-02-11,quantile,0.7,4.094809006936883
2017-02-04,HHS Region 4,ili perc,1,2017-02-11,quantile,0.75,4.106483715338947
2017-02-04,HHS Region 4,ili perc,1,2017-02-11,quantile,0.8,4.119345852909053
2017-02-04,HHS Region 4,ili perc,1,2017-02-11,quantile,0.85,4.141051797909875
2017-02-04,HHS Region 4,ili perc,1,2017-02-11,quantile,0.9,4.18576406326537
2017-02-04,HHS Region 4,ili perc,1,2017-02-11,quantile,0.95,4.335709337080787
2017-02-04,HHS Region 4,ili perc,1,2017-02-11,quantile,0.975,4.521246487944197
2017-02-04,HHS Region 4,ili perc,1,2017-02-11,quantile,0.99,4.70072837329172
2017-02-04,HHS Region 4,ili perc,2,2017-02-18,quantile,0.01,3.3524810552752893
2017-02-04,HHS Region 4,ili perc,2,2017-02-18,quantile,0.025,3.4951544553571248
2017-02-04,HHS Region 4,ili perc,2,2017-02-18,quantile,0.05,3.658383771989234
2017-02-04,HHS Region 4,ili perc,2,2017-02-18,quantile,0.1,3.729502796845998
2017-02-04,HHS Region 4,ili perc,2,2017-02-18,quantile,0.15,3.7600037860529123
2017-02-04,HHS Region 4,ili perc,2,2017-02-18,quantile,0.2,3.7806851392782965
2017-02-04,HHS Region 4,ili perc,2,2017-02-18,quantile,0.25,3.8002778121515046
2017-02-04,HHS Region 4,ili perc,2,2017-02-18,quantile,0.3,3.819977250862638
2017-02-04,HHS Region 4,ili perc,2,2017-02-18,quantile,0.35,3.838272930910149
2017-02-04,HHS Region 4,ili perc,2,2017-02-18,quantile,0.4,3.858453268755876
2017-02-04,HHS Region 4,ili perc,2,2017-02-18,quantile,0.45,3.8827716796931298
2017-02-04,HHS Region 4,ili perc,2,2017-02-18,quantile,0.5,3.9128613775053527
2017-02-04,HHS Region 4,ili perc,2,2017-02-18,quantile,0.55,3.9420901579288428
2017-02-04,HHS Region 4,ili perc,2,2017-02-18,quantile,0.6,3.970420487879285
2017-02-04,HHS Region 4,ili perc,2,2017-02-18,quantile,0.65,4.00860542480911
2017-02-04,HHS Region 4,ili perc,2,2017-02-18,quantile,0.7,4.0502208749400195
2017-02-04,HHS Region 4,ili perc,2,2017-02-18,quantile,0.75,4.083918487216337
2017-02-04,HHS Region 4,ili perc,2,2017-02-18,quantile,0.8,4.116011610902159
2017-02-04,HHS Region 4,ili perc,2,2017-02-18,quantile,0.85,4.150904287066459
2017-02-04,HHS Region 4,ili perc,2,2017-02-18,quantile,0.9,4.1915532849278945
2017-02-04,HHS Region 4,ili perc,2,2017-02-18,quantile,0.95,4.283948832935835
2017-02-04,HHS Region 4,ili perc,2,2017-02-18,quantile,0.975,4.434033996248602
2017-02-04,HHS Region 4,ili perc,2,2017-02-18,quantile,0.99,4.887928212729942
2017-02-04,HHS Region 4,ili perc,3,2017-02-25,quantile,0.01,3.1272351893773007
2017-02-04,HHS Region 4,ili perc,3,2017-02-25,quantile,0.025,3.238156529454875
2017-02-04,HHS Region 4,ili perc,3,2017-02-25,quantile,0.05,3.378961838989105
2017-02-04,HHS Region 4,ili perc,3,2017-02-25,quantile,0.1,3.5383678480596967
2017-02-04,HHS Region 4,ili perc,3,2017-02-25,quantile,0.15,3.630744179434423
2017-02-04,HHS Region 4,ili perc,3,2017-02-25,quantile,0.2,3.6676399657760577
2017-02-04,HHS Region 4,ili perc,3,2017-02-25,quantile,0.25,3.6867875739962055
2017-02-04,HHS Region 4,ili perc,3,2017-02-25,quantile,0.3,3.7094003618895286
2017-02-04,HHS Region 4,ili perc,3,2017-02-25,quantile,0.35,3.7238696885494145
2017-02-04,HHS Region 4,ili perc,3,2017-02-25,quantile,0.4,3.7344134225904497
2017-02-04,HHS Region 4,ili perc,3,2017-02-25,quantile,0.45,3.7479075318068205
2017-02-04,HHS Region 4,ili perc,3,2017-02-25,quantile,0.5,3.767081840145466
2017-02-04,HHS Region 4,ili perc,3,2017-02-25,quantile,0.55,3.7840114034072725
2017-02-04,HHS Region 4,ili perc,3,2017-02-25,quantile,0.6,3.8167265167065745
2017-02-04,HHS Region 4,ili perc,3,2017-02-25,quantile,0.65,3.856733196650981
2017-02-04,HHS Region 4,ili perc,3,2017-02-25,quantile,0.7,3.903699059435168
2017-02-04,HHS Region 4,ili perc,3,2017-02-25,quantile,0.75,3.972035869456471
2017-02-04,HHS Region 4,ili perc,3,2017-02-25,quantile,0.8,4.048911533005402
2017-02-04,HHS Region 4,ili perc,3,2017-02-25,quantile,0.85,4.091827738564474
2017-02-04,HHS Region 4,ili perc,3,2017-02-25,quantile,0.9,4.1371708487275924
2017-02-04,HHS Region 4,ili perc,3,2017-02-25,quantile,0.95,4.187485952970668
2017-02-04,HHS Region 4,ili perc,3,2017-02-25,quantile,0.975,4.279075959914451
2017-02-04,HHS Region 4,ili perc,3,2017-02-25,quantile,0.99,4.412634673697782
2017-02-04,HHS Region 4,ili perc,4,2017-03-04,quantile,0.01,2.887302586277558
2017-02-04,HHS Region 4,ili perc,4,2017-03-04,quantile,0.025,3.0062219204129024
2017-02-04,HHS Region 4,ili perc,4,2017-03-04,quantile,0.05,3.124315268850645
2017-02-04,HHS Region 4,ili perc,4,2017-03-04,quantile,0.1,3.2181456938405395
2017-02-04,HHS Region 4,ili perc,4,2017-03-04,quantile,0.15,3.3235706275264034
2017-02-04,HHS Region 4,ili perc,4,2017-03-04,quantile,0.2,3.400219414597906
2017-02-04,HHS Region 4,ili perc,4,2017-03-04,quantile,0.25,3.4704428366622855
2017-02-04,HHS Region 4,ili perc,4,2017-03-04,quantile,0.3,3.5236440687585437
2017-02-04,HHS Region 4,ili perc,4,2017-03-04,quantile,0.35,3.551613518241589
2017-02-04,HHS Region 4,ili perc,4,2017-03-04,quantile,0.4,3.5785804885928805
2017-02-04,HHS Region 4,ili perc,4,2017-03-04,quantile,0.45,3.599749229487183
2017-02-04,HHS Region 4,ili perc,4,2017-03-04,quantile,0.5,3.61786592486276
2017-02-04,HHS Region 4,ili perc,4,2017-03-04,quantile,0.55,3.635488544629161
2017-02-04,HHS Region 4,ili perc,4,2017-03-04,quantile,0.6,3.660027105654021
2017-02-04,HHS Region 4,ili perc,4,2017-03-04,quantile,0.65,3.6785825765427234
2017-02-04,HHS Region 4,ili perc,4,2017-03-04,quantile,0.7,3.710293449638691
2017-02-04,HHS Region 4,ili perc,4,2017-03-04,quantile,0.75,3.7516470208918995
2017-02-04,HHS Region 4,ili perc,4,2017-03-04,quantile,0.8,3.8445374541633734
2017-02-04,HHS Region 4,ili perc,4,2017-03-04,quantile,0.85,3.949604903485563
2017-02-04,HHS Region 4,ili perc,4,2017-03-04,quantile,0.9,4.0199833242043
2017-02-04,HHS Region 4,ili perc,4,2017-03-04,quantile,0.95,4.094942555039171
2017-02-04,HHS Region 4,ili perc,4,2017-03-04,quantile,0.975,4.1738789818099615
2017-02-04,HHS Region 4,ili perc,4,2017-03-04,quantile,0.99,4.361758468090413
2017-02-04,HHS Region 5,ili perc,1,2017-02-11,quantile,0.01,2.8214505373624563
2017-02-04,HHS Region 5,ili perc,1,2017-02-11,quantile,0.025,3.057380670644577
2017-02-04,HHS Region 5,ili perc,1,2017-02-11,quantile,0.05,3.129281738073955
2017-02-04,HHS Region 5,ili perc,1,2017-02-11,quantile,0.1,3.2050916102744145
2017-02-04,HHS Region 5,ili perc,1,2017-02-11,quantile,0.15,3.2229895009390814
2017-02-04,HHS Region 5,ili perc,1,2017-02-11,quantile,0.2,3.2395018187168705
2017-02-04,HHS Region 5,ili perc,1,2017-02-11,quantile,0.25,3.247792383141184
2017-02-04,HHS Region 5,ili perc,1,2017-02-11,quantile,0.3,3.258473046179501
2017-02-04,HHS Region 5,ili perc,1,2017-02-11,quantile,0.35,3.2706343672244387
2017-02-04,HHS Region 5,ili perc,1,2017-02-11,quantile,0.4,3.2796052367277504
2017-02-04,HHS Region 5,ili perc,1,2017-02-11,quantile,0.45,3.2868766700476826
2017-02-04,HHS Region 5,ili perc,1,2017-02-11,quantile,0.5,3.294602656882244
2017-02-04,HHS Region 5,ili perc,1,2017-02-11,quantile,0.55,3.3004014253881655
2017-02-04,HHS Region 5,ili perc,1,2017-02-11,quantile,0.6,3.307432459299227
2017-02-04,HHS Region 5,ili perc,1,2017-02-11,quantile,0.65,3.3143012183042595
2017-02-04,HHS Region 5,ili perc,1,2017-02-11,quantile,0.7,3.3219129574290998
2017-02-04,HHS Region 5,ili perc,1,2017-02-11,quantile,0.75,3.3296717142076666
2017-02-04,HHS Region 5,ili perc,1,2017-02-11,quantile,0.8,3.3462667733911324
2017-02-04,HHS Region 5,ili perc,1,2017-02-11,quantile,0.85,3.362067307753596
2017-02-04,HHS Region 5,ili perc,1,2017-02-11,quantile,0.9,3.3865599261229367
2017-02-04,HHS Region 5,ili perc,1,2017-02-11,quantile,0.95,3.5043409298116392
2017-02-04,HHS Region 5,ili perc,1,2017-02-11,quantile,0.975,3.6348677327556254
2017-02-04,HHS Region 5,ili perc,1,2017-02-11,quantile,0.99,3.8944688166247796
2017-02-04,HHS Region 5,ili perc,2,2017-02-18,quantile,0.01,2.647428714354922
2017-02-04,HHS Region 5,ili perc,2,2017-02-18,quantile,0.025,2.757321151225791
2017-02-04,HHS Region 5,ili perc,2,2017-02-18,quantile,0.05,2.8111088241074094
2017-02-04,HHS Region 5,ili perc,2,2017-02-18,quantile,0.1,2.884027768150029
2017-02-04,HHS Region 5,ili perc,2,2017-02-18,quantile,0.15,2.921281853630584
2017-02-04,HHS Region 5,ili perc,2,2017-02-18,quantile,0.2,2.949313512388043
2017-02-04,HHS Region 5,ili perc,2,2017-02-18,quantile,0.25,2.967152994010851
2017-02-04,HHS Region 5,ili perc,2,2017-02-18,quantile,0.3,2.9787767134966976
2017-02-04,HHS Region 5,ili perc,2,2017-02-18,quantile,0.35,2.992656288173995
2017-02-04,HHS Region 5,ili perc,2,2017-02-18,quantile,0.4,3.0043770504662595
2017-02-04,HHS Region 5,ili perc,2,2017-02-18,quantile,0.45,3.0154607741376616
2017-02-04,HHS Region 5,ili perc,2,2017-02-18,quantile,0.5,3.0250329277271213
2017-02-04,HHS Region 5,ili perc,2,2017-02-18,quantile,0.55,3.0393158195555796
2017-02-04,HHS Region 5,ili perc,2,2017-02-18,quantile,0.6,3.0509437004135442
2017-02-04,HHS Region 5,ili perc,2,2017-02-18,quantile,0.65,3.0622005086465505
2017-02-04,HHS Region 5,ili perc,2,2017-02-18,quantile,0.7,3.077167312713952
2017-02-04,HHS Region 5,ili perc,2,2017-02-18,quantile,0.75,3.0982948593136586
2017-02-04,HHS Region 5,ili perc,2,2017-02-18,quantile,0.8,3.128791245093512
2017-02-04,HHS Region 5,ili perc,2,2017-02-18,quantile,0.85,3.1791624004972796
2017-02-04,HHS Region 5,ili perc,2,2017-02-18,quantile,0.9,3.235576484477501
2017-02-04,HHS Region 5,ili perc,2,2017-02-18,quantile,0.95,3.3668581598621192
2017-02-04,HHS Region 5,ili perc,2,2017-02-18,quantile,0.975,3.6840288887434407
2017-02-04,HHS Region 5,ili perc,2,2017-02-18,quantile,0.99,4.075157728609384
2017-02-04,HHS Region 5,ili perc,3,2017-02-25,quantile,0.01,2.429246073137775
2017-02-04,HHS Region 5,ili perc,3,2017-02-25,quantile,0.025,2.5326502225168213
2017-02-04,HHS Region 5,ili perc,3,2017-02-25,quantile,0.05,2.608061357326586
2017-02-04,HHS Region 5,ili perc,3,2017-02-25,quantile,0.1,2.671702627037696
2017-02-04,HHS Region 5,ili perc,3,2017-02-25,quantile,0.15,2.696950967274904
2017-02-04,HHS Region 5,ili perc,3,2017-02-25,quantile,0.2,2.7168502550318503
2017-02-04,HHS Region 5,ili perc,3,2017-02-25,quantile,0.25,2.731883320373219
2017-02-04,HHS Region 5,ili perc,3,2017-02-25,quantile,0.3,2.7465148623523326
2017-02-04,HHS Region 5,ili perc,3,2017-02-25,quantile,0.35,2.7614867874566627
2017-02-04,HHS Region 5,ili perc,3,2017-02-25,quantile,0.4,2.773796282386087
2017-02-04,HHS Region 5,ili perc,3,2017-02-25,quantile,0.45,2.786468953695216
2017-02-04,HHS Region 5,ili perc,3,2017-02-25,quantile,0.5,2.7989597237623842
2017-02-04,HHS Region 5,ili perc,3,2017-02-25,quantile,0.55,2.8108570894418046
2017-02-04,HHS Region 5,ili perc,3,2017-02-25,quantile,0.6,2.821014815829152
2017-02-04,HHS Region 5,ili perc,3,2017-02-25,quantile,0.65,2.8336635942136286
2017-02-04,HHS Region 5,ili perc,3,2017-02-25,quantile,0.7,2.8532651438908645
2017-02-04,HHS Region 5,ili perc,3,2017-02-25,quantile,0.75,2.8768847369973933
2017-02-04,HHS Region 5,ili perc,3,2017-02-25,quantile,0.8,2.9145375652305434
2017-02-04,HHS Region 5,ili perc,3,2017-02-25,quantile,0.85,2.9786909286236627
2017-02-04,HHS Region 5,ili perc,3,2017-02-25,quantile,0.9,3.058138449479845
2017-02-04,HHS Region 5,ili perc,3,2017-02-25,quantile,0.95,3.311246851040871
2017-02-04,HHS Region 5,ili perc,3,2017-02-25,quantile,0.975,3.7546805485026757
2017-02-04,HHS Region 5,ili perc,3,2017-02-25,quantile,0.99,4.126149468799229
2017-02-04,HHS Region 5,ili perc,4,2017-03-04,quantile,0.01,2.3400425252432804
2017-02-04,HHS Region 5,ili perc,4,2017-03-04,quantile,0.025,2.4196727189890117
2017-02-04,HHS Region 5,ili perc,4,2017-03-04,quantile,0.05,2.476870619201033
2017-02-04,HHS Region 5,ili perc,4,2017-03-04,quantile,0.1,2.5379032832886734
2017-02-04,HHS Region 5,ili perc,4,2017-03-04,quantile,0.15,2.594686326557149
2017-02-04,HHS Region 5,ili perc,4,2017-03-04,quantile,0.2,2.6344518254298657
2017-02-04,HHS Region 5,ili perc,4,2017-03-04,quantile,0.25,2.660096983880793
2017-02-04,HHS Region 5,ili perc,4,2017-03-04,quantile,0.3,2.679335156340019
2017-02-04,HHS Region 5,ili perc,4,2017-03-04,quantile,0.35,2.696859847533152
2017-02-04,HHS Region 5,ili perc,4,2017-03-04,quantile,0.4,2.7103131820359017
2017-02-04,HHS Region 5,ili perc,4,2017-03-04,quantile,0.45,2.724305401027367
2017-02-04,HHS Region 5,ili perc,4,2017-03-04,quantile,0.5,2.736677158357188
2017-02-04,HHS Region 5,ili perc,4,2017-03-04,quantile,0.55,2.747150308154625
2017-02-04,HHS Region 5,ili perc,4,2017-03-04,quantile,0.6,2.756543598956653
2017-02-04,HHS Region 5,ili perc,4,2017-03-04,quantile,0.65,2.7672973361656164
2017-02-04,HHS Region 5,ili perc,4,2017-03-04,quantile,0.7,2.7813379300716905
2017-02-04,HHS Region 5,ili perc,4,2017-03-04,quantile,0.75,2.7946081539012675
2017-02-04,HHS Region 5,ili perc,4,2017-03-04,quantile,0.8,2.814554985903432
2017-02-04,HHS Region 5,ili perc,4,2017-03-04,quantile,0.85,2.857409324706718
2017-02-04,HHS Region 5,ili perc,4,2017-03-04,quantile,0.9,2.9820205895891774
2017-02-04,HHS Region 5,ili perc,4,2017-03-04,quantile,0.95,3.2565254718602703
2017-02-04,HHS Region 5,ili perc,4,2017-03-04,quantile,0.975,3.7274168396803438
2017-02-04,HHS Region 5,ili perc,4,2017-03-04,quantile,0.99,4.178856855083467
2017-02-04,HHS Region 6,ili perc,1,2017-02-11,quantile,0.01,6.326957214402529
2017-02-04,HHS Region 6,ili perc,1,2017-02-11,quantile,0.025,6.526595110234799
2017-02-04,HHS Region 6,ili perc,1,2017-02-11,quantile,0.05,6.652813110604735
2017-02-04,HHS Region 6,ili perc,1,2017-02-11,quantile,0.1,6.76748652727105
2017-02-04,HHS Region 6,ili perc,1,2017-02-11,quantile,0.15,6.83961372942184
2017-02-04,HHS Region 6,ili perc,1,2017-02-11,quantile,0.2,6.8853239649012306
2017-02-04,HHS Region 6,ili perc,1,2017-02-11,quantile,0.25,6.918512168607439
2017-02-04,HHS Region 6,ili perc,1,2017-02-11,quantile,0.3,6.95139264919391
2017-02-04,HHS Region 6,ili perc,1,2017-02-11,quantile,0.35,6.971210730897099
2017-02-04,HHS Region 6,ili perc,1,2017-02-11,quantile,0.4,6.98913322095528
2017-02-04,HHS Region 6,ili perc,1,2017-02-11,quantile,0.45,7.00507832648422
2017-02-04,HHS Region 6,ili perc,1,2017-02-11,quantile,0.5,7.018577621466045
2017-02-04,HHS Region 6,ili perc,1,2017-02-11,quantile,0.55,7.037203938426054
2017-02-04,HHS Region 6,ili perc,1,2017-02-11,quantile,0.6,7.054962670218545
2017-02-04,HHS Region 6,ili perc,1,2017-02-11,quantile,0.65,7.079437200534477
2017-02-04,HHS Region 6,ili perc,1,2017-02-11,quantile,0.7,7.096723221602071
2017-02-04,HHS Region 6,ili perc,1,2017-02-11,quantile,0.75,7.115159780508568
2017-02-04,HHS Region 6,ili perc,1,2017-02-11,quantile,0.8,7.151006593060676
2017-02-04,HHS Region 6,ili perc,1,2017-02-11,quantile,0.85,7.189444611693942
2017-02-04,HHS Region 6,ili perc,1,2017-02-11,quantile,0.9,7.292765060462423
2017-02-04,HHS Region 6,ili perc,1,2017-02-11,quantile,0.95,7.519926370558637
2017-02-04,HHS Region 6,ili perc,1,2017-02-11,quantile,0.975,7.881273400600013
2017-02-04,HHS Region 6,ili perc,1,2017-02-11,quantile,0.99,8.190807747063808
2017-02-04,HHS Region 6,ili perc,2,2017-02-18,quantile,0.01,5.212079920013907
2017-02-04,HHS Region 6,ili perc,2,2017-02-18,quantile,0.025,5.372421422452792
2017-02-04,HHS Region 6,ili perc,2,2017-02-18,quantile,0.05,5.504865862129311
2017-02-04,HHS Region 6,ili perc,2,2017-02-18,quantile,0.1,5.666277569726026
2017-02-04,HHS Region 6,ili perc,2,2017-02-18,quantile,0.15,5.805852774962481
2017-02-04,HHS Region 6,ili perc,2,2017-02-18,quantile,0.2,5.897089779375887
2017-02-04,HHS Region 6,ili perc,2,2017-02-18,quantile,0.25,5.950105331075005
2017-02-04,HHS Region 6,ili perc,2,2017-02-18,quantile,0.3,5.994285328177786
2017-02-04,HHS Region 6,ili perc,2,2017-02-18,quantile,0.35,6.03184788803542
2017-02-04,HHS Region 6,ili perc,2,2017-02-18,quantile,0.4,6.063932107117383
2017-02-04,HHS Region 6,ili perc,2,2017-02-18,quantile,0.45,6.086760461294849
2017-02-04,HHS Region 6,ili perc,2,2017-02-18,quantile,0.5,6.121128278567621
2017-02-04,HHS Region 6,ili perc,2,2017-02-18,quantile,0.55,6.147237227982597
2017-02-04,HHS Region 6,ili perc,2,2017-02-18,quantile,0.6,6.175405615799285
2017-02-04,HHS Region 6,ili perc,2,2017-02-18,quantile,0.65,6.219267338873259
2017-02-04,HHS Region 6,ili perc,2,2017-02-18,quantile,0.7,6.280902510838772
2017-02-04,HHS Region 6,ili perc,2,2017-02-18,quantile,0.75,6.370178987777466
2017-02-04,HHS Region 6,ili perc,2,2017-02-18,quantile,0.8,6.497470916765478
2017-02-04,HHS Region 6,ili perc,2,2017-02-18,quantile,0.85,6.703804239336653
2017-02-04,HHS Region 6,ili perc,2,2017-02-18,quantile,0.9,6.851183706218514
2017-02-04,HHS Region 6,ili perc,2,2017-02-18,quantile,0.95,7.011469536822537
2017-02-04,HHS Region 6,ili perc,2,2017-02-18,quantile,0.975,7.207745617675983
2017-02-04,HHS Region 6,ili perc,2,2017-02-18,quantile,0.99,8.12804559041768
2017-02-04,HHS Region 6,ili perc,3,2017-02-25,quantile,0.01,4.601869624019433
2017-02-04,HHS Region 6,ili perc,3,2017-02-25,quantile,0.025,4.73317628632087
2017-02-04,HHS Region 6,ili perc,3,2017-02-25,quantile,0.05,4.8796825331698575
2017-02-04,HHS Region 6,ili perc,3,2017-02-25,quantile,0.1,4.992617010339895
2017-02-04,HHS Region 6,ili perc,3,2017-02-25,quantile,0.15,5.101474453087507
2017-02-04,HHS Region 6,ili perc,3,2017-02-25,quantile,0.2,5.143234750517781
2017-02-04,HHS Region 6,ili perc,3,2017-02-25,quantile,0.25,5.18936081195428
2017-02-04,HHS Region 6,ili perc,3,2017-02-25,quantile,0.3,5.217049774735509
2017-02-04,HHS Region 6,ili perc,3,2017-02-25,quantile,0.35,5.244819867874607
2017-02-04,HHS Region 6,ili perc,3,2017-02-25,quantile,0.4,5.271197928009439
2017-02-04,HHS Region 6,ili perc,3,2017-02-25,quantile,0.45,5.2950518068025545
2017-02-04,HHS Region 6,ili perc,3,2017-02-25,quantile,0.5,5.31642138641923
2017-02-04,HHS Region 6,ili perc,3,2017-02-25,quantile,0.55,5.346164424086714
2017-02-04,HHS Region 6,ili perc,3,2017-02-25,quantile,0.6,5.368494407896698
2017-02-04,HHS Region 6,ili perc,3,2017-02-25,quantile,0.65,5.403804297134492
2017-02-04,HHS Region 6,ili perc,3,2017-02-25,quantile,0.7,5.462002707861355
2017-02-04,HHS Region 6,ili perc,3,2017-02-25,quantile,0.75,5.535282429424755
2017-02-04,HHS Region 6,ili perc,3,2017-02-25,quantile,0.8,5.6487957648769465
2017-02-04,HHS Region 6,ili perc,3,2017-02-25,quantile,0.85,5.834415619623218
2017-02-04,HHS Region 6,ili perc,3,2017-02-25,quantile,0.9,6.023209552011214
2017-02-04,HHS Region 6,ili perc,3,2017-02-25,quantile,0.95,6.268847940451436
2017-02-04,HHS Region 6,ili perc,3,2017-02-25,quantile,0.975,6.730832888031736
2017-02-04,HHS Region 6,ili perc,3,2017-02-25,quantile,0.99,6.928187229030496
2017-02-04,HHS Region 6,ili perc,4,2017-03-04,quantile,0.01,4.047865491434785
2017-02-04,HHS Region 6,ili perc,4,2017-03-04,quantile,0.025,4.278670666303737
2017-02-04,HHS Region 6,ili perc,4,2017-03-04,quantile,0.05,4.402381146134004
2017-02-04,HHS Region 6,ili perc,4,2017-03-04,quantile,0.1,4.540239383537649
2017-02-04,HHS Region 6,ili perc,4,2017-03-04,quantile,0.15,4.592201312644524
2017-02-04,HHS Region 6,ili perc,4,2017-03-04,quantile,0.2,4.644188096873816
2017-02-04,HHS Region 6,ili perc,4,2017-03-04,quantile,0.25,4.674568930736445
2017-02-04,HHS Region 6,ili perc,4,2017-03-04,quantile,0.3,4.7030927301102965
2017-02-04,HHS Region 6,ili perc,4,2017-03-04,quantile,0.35,4.7396937949021805
2017-02-04,HHS Region 6,ili perc,4,2017-03-04,quantile,0.4,4.768172458254009
2017-02-04,HHS Region 6,ili perc,4,2017-03-04,quantile,0.45,4.807961229161865
2017-02-04,HHS Region 6,ili perc,4,2017-03-04,quantile,0.5,4.842267470280171
2017-02-04,HHS Region 6,ili perc,4,2017-03-04,quantile,0.55,4.887230157250243
2017-02-04,HHS Region 6,ili perc,4,2017-03-04,quantile,0.6,4.925013823915703
2017-02-04,HHS Region 6,ili perc,4,2017-03-04,quantile,0.65,4.976494122052401
2017-02-04,HHS Region 6,ili perc,4,2017-03-04,quantile,0.7,5.024344791596633
2017-02-04,HHS Region 6,ili perc,4,2017-03-04,quantile,0.75,5.067710987377784
2017-02-04,HHS Region 6,ili perc,4,2017-03-04,quantile,0.8,5.128969283276966
2017-02-04,HHS Region 6,ili perc,4,2017-03-04,quantile,0.85,5.1749696093060615
2017-02-04,HHS Region 6,ili perc,4,2017-03-04,quantile,0.9,5.288828880570899
2017-02-04,HHS Region 6,ili perc,4,2017-03-04,quantile,0.95,5.597382375705063
2017-02-04,HHS Region 6,ili perc,4,2017-03-04,quantile,0.975,5.945436261637845
2017-02-04,HHS Region 6,ili perc,4,2017-03-04,quantile,0.99,6.479609643979013
2017-02-04,HHS Region 7,ili perc,1,2017-02-11,quantile,0.01,4.5443077751232686
2017-02-04,HHS Region 7,ili perc,1,2017-02-11,quantile,0.025,4.624231255231354
2017-02-04,HHS Region 7,ili perc,1,2017-02-11,quantile,0.05,4.751201899159099
2017-02-04,HHS Region 7,ili perc,1,2017-02-11,quantile,0.1,4.807730268425487
2017-02-04,HHS Region 7,ili perc,1,2017-02-11,quantile,0.15,4.851676987480223
2017-02-04,HHS Region 7,ili perc,1,2017-02-11,quantile,0.2,4.876000566444381
2017-02-04,HHS Region 7,ili perc,1,2017-02-11,quantile,0.25,4.899557559831947
2017-02-04,HHS Region 7,ili perc,1,2017-02-11,quantile,0.3,4.912612363037975
2017-02-04,HHS Region 7,ili perc,1,2017-02-11,quantile,0.35,4.926651997240289
2017-02-04,HHS Region 7,ili perc,1,2017-02-11,quantile,0.4,4.939438238110614
2017-02-04,HHS Region 7,ili perc,1,2017-02-11,quantile,0.45,4.948689363112572
2017-02-04,HHS Region 7,ili perc,1,2017-02-11,quantile,0.5,4.959294681933119
2017-02-04,HHS Region 7,ili perc,1,2017-02-11,quantile,0.55,4.969026914024745
2017-02-04,HHS Region 7,ili perc,1,2017-02-11,quantile,0.6,4.978035160532629
2017-02-04,HHS Region 7,ili perc,1,2017-02-11,quantile,0.65,4.989192044720827
2017-02-04,HHS Region 7,ili perc,1,2017-02-11,quantile,0.7,5.002749018870516
2017-02-04,HHS Region 7,ili perc,1,2017-02-11,quantile,0.75,5.015869485456523
2017-02-04,HHS Region 7,ili perc,1,2017-02-11,quantile,0.8,5.043046481503417
2017-02-04,HHS Region 7,ili perc,1,2017-02-11,quantile,0.85,5.068227575359183
2017-02-04,HHS Region 7,ili perc,1,2017-02-11,quantile,0.9,5.114906801492983
2017-02-04,HHS Region 7,ili perc,1,2017-02-11,quantile,0.95,5.300743919074865
2017-02-04,HHS Region 7,ili perc,1,2017-02-11,quantile,0.975,5.492125432843062
2017-02-04,HHS Region 7,ili perc,1,2017-02-11,quantile,0.99,5.9800937725237855
2017-02-04,HHS Region 7,ili perc,2,2017-02-18,quantile,0.01,3.7852686535637914
2017-02-04,HHS Region 7,ili perc,2,2017-02-18,quantile,0.025,3.912084126166007
2017-02-04,HHS Region 7,ili perc,2,2017-02-18,quantile,0.05,4.034238159949062
2017-02-04,HHS Region 7,ili perc,2,2017-02-18,quantile,0.1,4.224056310822943
2017-02-04,HHS Region 7,ili perc,2,2017-02-18,quantile,0.15,4.307199239704647
2017-02-04,HHS Region 7,ili perc,2,2017-02-18,quantile,0.2,4.343534909731051
2017-02-04,HHS Region 7,ili perc,2,2017-02-18,quantile,0.25,4.367050582792141
2017-02-04,HHS Region 7,ili perc,2,2017-02-18,quantile,0.3,4.391731534781286
2017-02-04,HHS Region 7,ili perc,2,2017-02-18,quantile,0.35,4.408779470472805
2017-02-04,HHS Region 7,ili perc,2,2017-02-18,quantile,0.4,4.42627569715126
2017-02-04,HHS Region 7,ili perc,2,2017-02-18,quantile,0.45,4.4418780396836315
2017-02-04,HHS Region 7,ili perc,2,2017-02-18,quantile,0.5,4.460286067298268
2017-02-04,HHS Region 7,ili perc,2,2017-02-18,quantile,0.55,4.476970525731345
2017-02-04,HHS Region 7,ili perc,2,2017-02-18,quantile,0.6,4.501355349863806
2017-02-04,HHS Region 7,ili perc,2,2017-02-18,quantile,0.65,4.5263241619193
2017-02-04,HHS Region 7,ili perc,2,2017-02-18,quantile,0.7,4.55833857040553
2017-02-04,HHS Region 7,ili perc,2,2017-02-18,quantile,0.75,4.613213192107721
2017-02-04,HHS Region 7,ili perc,2,2017-02-18,quantile,0.8,4.670417465921305
2017-02-04,HHS Region 7,ili perc,2,2017-02-18,quantile,0.85,4.719076850916499
2017-02-04,HHS Region 7,ili perc,2,2017-02-18,quantile,0.9,4.7753691150923
2017-02-04,HHS Region 7,ili perc,2,2017-02-18,quantile,0.95,4.858180108707101
2017-02-04,HHS Region 7,ili perc,2,2017-02-18,quantile,0.975,5.114218275576814
2017-02-04,HHS Region 7,ili perc,2,2017-02-18,quantile,0.99,5.58955231152221
2017-02-04,HHS Region 7,ili perc,3,2017-02-25,quantile,0.01,3.411665885585628
2017-02-04,HHS Region 7,ili perc,3,2017-02-25,quantile,0.025,3.482552520010558
2017-02-04,HHS Region 7,ili perc,3,2017-02-25,quantile,0.05,3.5701558158862428
2017-02-04,HHS Region 7,ili perc,3,2017-02-25,quantile,0.1,3.630994233273624
2017-02-04,HHS Region 7,ili perc,3,2017-02-25,quantile,0.15,3.680095945334395
2017-02-04,HHS Region 7,ili perc,3,2017-02-25,quantile,0.2,3.7102850556626916
2017-02-04,HHS Region 7,ili perc,3,2017-02-25,quantile,0.25,3.734394165969104
2017-02-04,HHS Region 7,ili perc,3,2017-02-25,quantile,0.3,3.7606165596536982
2017-02-04,HHS Region 7,ili perc,3,2017-02-25,quantile,0.35,3.780798270627554
2017-02-04,HHS Region 7,ili perc,3,2017-02-25,quantile,0.4,3.799951021942978
2017-02-04,HHS Region 7,ili perc,3,2017-02-25,quantile,0.45,3.8166232580404205
2017-02-04,HHS Region 7,ili perc,3,2017-02-25,quantile,0.5,3.8392727598008207
2017-02-04,HHS Region 7,ili perc,3,2017-02-25,quantile,0.55,3.8573646379220765
2017-02-04,HHS Region 7,ili perc,3,2017-02-25,quantile,0.6,3.881185280307071
2017-02-04,HHS Region 7,ili perc,3,2017-02-25,quantile,0.65,3.906209270540021
2017-02-04,HHS Region 7,ili perc,3,2017-02-25,quantile,0.7,3.9333333182728785
2017-02-04,HHS Region 7,ili perc,3,2017-02-25,quantile,0.75,3.9871910051551844
2017-02-04,HHS Region 7,ili perc,3,2017-02-25,quantile,0.8,4.078678135460749
2017-02-04,HHS Region 7,ili perc,3,2017-02-25,quantile,0.85,4.171352191358721
2017-02-04,HHS Region 7,ili perc,3,2017-02-25,quantile,0.9,4.263842448924911
2017-02-04,HHS Region 7,ili perc,3,2017-02-25,quantile,0.95,4.435218147472844
2017-02-04,HHS Region 7,ili perc,3,2017-02-25,quantile,0.975,4.685692923574037
2017-02-04,HHS Region 7,ili perc,3,2017-02-25,quantile,0.99,5.1448644151196365
2017-02-04,HHS Region 7,ili perc,4,2017-03-04,quantile,0.01,3.002815519648085
2017-02-04,HHS Region 7,ili perc,4,2017-03-04,quantile,0.025,3.2437819116591
2017-02-04,HHS Region 7,ili perc,4,2017-03-04,quantile,0.05,3.3768457946727635
2017-02-04,HHS Region 7,ili perc,4,2017-03-04,quantile,0.1,3.4752078053012587
2017-02-04,HHS Region 7,ili perc,4,2017-03-04,quantile,0.15,3.532110410441667
2017-02-04,HHS Region 7,ili perc,4,2017-03-04,quantile,0.2,3.5696114052953396
2017-02-04,HHS Region 7,ili perc,4,2017-03-04,quantile,0.25,3.5939864935908905
2017-02-04,HHS Region 7,ili perc,4,2017-03-04,quantile,0.3,3.613701520580163
2017-02-04,HHS Region 7,ili perc,4,2017-03-04,quantile,0.35,3.6271726766849626
2017-02-04,HHS Region 7,ili perc,4,2017-03-04,quantile,0.4,3.640984561615559
2017-02-04,HHS Region 7,ili perc,4,2017-03-04,quantile,0.45,3.6584638709435193
2017-02-04,HHS Region 7,ili perc,4,2017-03-04,quantile,0.5,3.674381089251482
2017-02-04,HHS Region 7,ili perc,4,2017-03-04,quantile,0.55,3.686346374732959
2017-02-04,HHS Region 7,ili perc,4,2017-03-04,quantile,0.6,3.7022814260305914
2017-02-04,HHS Region 7,ili perc,4,2017-03-04,quantile,0.65,3.717531206398837
2017-02-04,HHS Region 7,ili perc,4,2017-03-04,quantile,0.7,3.7364445830181956
2017-02-04,HHS Region 7,ili perc,4,2017-03-04,quantile,0.75,3.755927751764514
2017-02-04,HHS Region 7,ili perc,4,2017-03-04,quantile,0.8,3.7835964045565156
2017-02-04,HHS Region 7,ili perc,4,2017-03-04,quantile,0.85,3.8287450377749583
2017-02-04,HHS Region 7,ili perc,4,2017-03-04,quantile,0.9,3.9231552863813373
2017-02-04,HHS Region 7,ili perc,4,2017-03-04,quantile,0.95,4.144382022486345
2017-02-04,HHS Region 7,ili perc,4,2017-03-04,quantile,0.975,4.49708125266439
2017-02-04,HHS Region 7,ili perc,4,2017-03-04,quantile,0.99,4.863325674787558
2017-02-04,HHS Region 8,ili perc,1,2017-02-11,quantile,0.01,1.7621784324728873
2017-02-04,HHS Region 8,ili perc,1,2017-02-11,quantile,0.025,1.8737530301227467
2017-02-04,HHS Region 8,ili perc,1,2017-02-11,quantile,0.05,1.9745196458647962
2017-02-04,HHS Region 8,ili perc,1,2017-02-11,quantile,0.1,2.068791023910207
2017-02-04,HHS Region 8,ili perc,1,2017-02-11,quantile,0.15,2.1009975363566715
2017-02-04,HHS Region 8,ili perc,1,2017-02-11,quantile,0.2,2.117815088121519
2017-02-04,HHS Region 8,ili perc,1,2017-02-11,quantile,0.25,2.1350693627956785
2017-02-04,HHS Region 8,ili perc,1,2017-02-11,quantile,0.3,2.1470074515834727
2017-02-04,HHS Region 8,ili perc,1,2017-02-11,quantile,0.35,2.157874224804797
2017-02-04,HHS Region 8,ili perc,1,2017-02-11,quantile,0.4,2.1656857671358822
2017-02-04,HHS Region 8,ili perc,1,2017-02-11,quantile,0.45,2.1729781601696327
2017-02-04,HHS Region 8,ili perc,1,2017-02-11,quantile,0.5,2.1791339116693402
2017-02-04,HHS Region 8,ili perc,1,2017-02-11,quantile,0.55,2.1871526567042294
2017-02-04,HHS Region 8,ili perc,1,2017-02-11,quantile,0.6,2.194715604747854
2017-02-04,HHS Region 8,ili perc,1,2017-02-11,quantile,0.65,2.201777340515934
2017-02-04,HHS Region 8,ili perc,1,2017-02-11,quantile,0.7,2.211081274029583
2017-02-04,HHS Region 8,ili perc,1,2017-02-11,quantile,0.75,2.223218644497493
2017-02-04,HHS Region 8,ili perc,1,2017-02-11,quantile,0.8,2.2366337102898517
2017-02-04,HHS Region 8,ili perc,1,2017-02-11,quantile,0.85,2.2544584914100447
2017-02-04,HHS Region 8,ili perc,1,2017-02-11,quantile,0.9,2.2985169276860704
2017-02-04,HHS Region 8,ili perc,1,2017-02-11,quantile,0.95,2.390024032849958
2017-02-04,HHS Region 8,ili perc,1,2017-02-11,quantile,0.975,2.48514392372441
2017-02-04,HHS Region 8,ili perc,1,2017-02-11,quantile,0.99,2.6298422743047385
2017-02-04,HHS Region 8,ili perc,2,2017-02-18,quantile,0.01,1.7409317515197174
2017-02-04,HHS Region 8,ili perc,2,2017-02-18,quantile,0.025,1.837685503033268
2017-02-04,HHS Region 8,ili perc,2,2017-02-18,quantile,0.05,1.900988989448074
2017-02-04,HHS Region 8,ili perc,2,2017-02-18,quantile,0.1,1.9688736460985905
2017-02-04,HHS Region 8,ili perc,2,2017-02-18,quantile,0.15,1.9966511138599883
2017-02-04,HHS Region 8,ili perc,2,2017-02-18,quantile,0.2,2.019070268999375
2017-02-04,HHS Region 8,ili perc,2,2017-02-18,quantile,0.25,2.030404702224077
2017-02-04,HHS Region 8,ili perc,2,2017-02-18,quantile,0.3,2.0434202342380656
2017-02-04,HHS Region 8,ili perc,2,2017-02-18,quantile,0.35,2.054624102380698
2017-02-04,HHS Region 8,ili perc,2,2017-02-18,quantile,0.4,2.0663191324543515
2017-02-04,HHS Region 8,ili perc,2,2017-02-18,quantile,0.45,2.079204600233097
2017-02-04,HHS Region 8,ili perc,2,2017-02-18,quantile,0.5,2.087544121079886
2017-02-04,HHS Region 8,ili perc,2,2017-02-18,quantile,0.55,2.097428997862979
2017-02-04,HHS Region 8,ili perc,2,2017-02-18,quantile,0.6,2.1058994109709093
2017-02-04,HHS Region 8,ili perc,2,2017-02-18,quantile,0.65,2.1179355077275677
2017-02-04,HHS Region 8,ili perc,2,2017-02-18,quantile,0.7,2.1325989338317037
2017-02-04,HHS Region 8,ili perc,2,2017-02-18,quantile,0.75,2.1553410186212694
2017-02-04,HHS Region 8,ili perc,2,2017-02-18,quantile,0.8,2.190828467904561
2017-02-04,HHS Region 8,ili perc,2,2017-02-18,quantile,0.85,2.2373654180379368
2017-02-04,HHS Region 8,ili perc,2,2017-02-18,quantile,0.9,2.3311597655756633
2017-02-04,HHS Region 8,ili perc,2,2017-02-18,quantile,0.95,2.45161136122291
2017-02-04,HHS Region 8,ili perc,2,2017-02-18,quantile,0.975,2.5806508989474852
2017-02-04,HHS Region 8,ili perc,2,2017-02-18,quantile,0.99,2.981031385675682
2017-02-04,HHS Region 8,ili perc,3,2017-02-25,quantile,0.01,1.621216230575051
2017-02-04,HHS Region 8,ili perc,3,2017-02-25,quantile,0.025,1.7818394748817492
2017-02-04,HHS Region 8,ili perc,3,2017-02-25,quantile,0.05,1.8730056916440363
2017-02-04,HHS Region 8,ili perc,3,2017-02-25,quantile,0.1,1.9398202761520238
2017-02-04,HHS Region 8,ili perc,3,2017-02-25,quantile,0.15,1.969503358956704
2017-02-04,HHS Region 8,ili perc,3,2017-02-25,quantile,0.2,1.9899114753657594
2017-02-04,HHS Region 8,ili perc,3,2017-02-25,quantile,0.25,2.006150046427729
2017-02-04,HHS Region 8,ili perc,3,2017-02-25,quantile,0.3,2.0188653393918226
2017-02-04,HHS Region 8,ili perc,3,2017-02-25,quantile,0.35,2.028877606017362
2017-02-04,HHS Region 8,ili perc,3,2017-02-25,quantile,0.4,2.041545582902647
2017-02-04,HHS Region 8,ili perc,3,2017-02-25,quantile,0.45,2.0525157060630588
2017-02-04,HHS Region 8,ili perc,3,2017-02-25,quantile,0.5,2.0631083264887016
2017-02-04,HHS Region 8,ili perc,3,2017-02-25,quantile,0.55,2.074245853938008
2017-02-04,HHS Region 8,ili perc,3,2017-02-25,quantile,0.6,2.085688986776747
2017-02-04,HHS Region 8,ili perc,3,2017-02-25,quantile,0.65,2.099189225047886
2017-02-04,HHS Region 8,ili perc,3,2017-02-25,quantile,0.7,2.1192798146803367
2017-02-04,HHS Region 8,ili perc,3,2017-02-25,quantile,0.75,2.1402397055497975
2017-02-04,HHS Region 8,ili perc,3,2017-02-25,quantile,0.8,2.1711843716350203
2017-02-04,HHS Region 8,ili perc,3,2017-02-25,quantile,0.85,2.224291574946946
2017-02-04,HHS Region 8,ili perc,3,2017-02-25,quantile,0.9,2.326269262636899
2017-02-04,HHS Region 8,ili perc,3,2017-02-25,quantile,0.95,2.46189794085423
2017-02-04,HHS Region 8,ili perc,3,2017-02-25,quantile,0.975,2.59649299543241
2017-02-04,HHS Region 8,ili perc,3,2017-02-25,quantile,0.99,2.9852324935345687
2017-02-04,HHS Region 8,ili perc,4,2017-03-04,quantile,0.01,1.5098765991256196
2017-02-04,HHS Region 8,ili perc,4,2017-03-04,quantile,0.025,1.6787077587969534
2017-02-04,HHS Region 8,ili perc,4,2017-03-04,quantile,0.05,1.8000335938435694
2017-02-04,HHS Region 8,ili perc,4,2017-03-04,quantile,0.1,1.8828893935055162
2017-02-04,HHS Region 8,ili perc,4,2017-03-04,quantile,0.15,1.925254789507152
2017-02-04,HHS Region 8,ili perc,4,2017-03-04,quantile,0.2,1.954622839709247
2017-02-04,HHS Region 8,ili perc,4,2017-03-04,quantile,0.25,1.9729734192240675
2017-02-04,HHS Region 8,ili perc,4,2017-03-04,quantile,0.3,1.9859324328585863
2017-02-04,HHS Region 8,ili perc,4,2017-03-04,quantile,0.35,1.99898905375446
2017-02-04,HHS Region 8,ili perc,4,2017-03-04,quantile,0.4,2.0115870822382105
2017-02-04,HHS Region 8,ili perc,4,2017-03-04,quantile,0.45,2.0214340595020044
2017-02-04,HHS Region 8,ili perc,4,2017-03-04,quantile,0.5,2.03110029666649
2017-02-04,HHS Region 8,ili perc,4,2017-03-04,quantile,0.55,2.0412600338755946
2017-02-04,HHS Region 8,ili perc,4,2017-03-04,quantile,0.6,2.0532539615059484
2017-02-04,HHS Region 8,ili perc,4,2017-03-04,quantile,0.65,2.0694676515070523
2017-02-04,HHS Region 8,ili perc,4,2017-03-04,quantile,0.7,2.0868758040207913
2017-02-04,HHS Region 8,ili perc,4,2017-03-04,quantile,0.75,2.1097341611383458
2017-02-04,HHS Region 8,ili perc,4,2017-03-04,quantile,0.8,2.157696037156286
2017-02-04,HHS Region 8,ili perc,4,2017-03-04,quantile,0.85,2.2246506254185863
2017-02-04,HHS Region 8,ili perc,4,2017-03-04,quantile,0.9,2.339318065845195
2017-02-04,HHS Region 8,ili perc,4,2017-03-04,quantile,0.95,2.4570374992379516
2017-02-04,HHS Region 8,ili perc,4,2017-03-04,quantile,0.975,2.7027115118669904
2017-02-04,HHS Region 8,ili perc,4,2017-03-04,quantile,0.99,3.0099725888907343
2017-02-04,HHS Region 9,ili perc,1,2017-02-11,quantile,0.01,2.6685253015479673
2017-02-04,HHS Region 9,ili perc,1,2017-02-11,quantile,0.025,2.769378927236303
2017-02-04,HHS Region 9,ili perc,1,2017-02-11,quantile,0.05,2.869604815870535
2017-02-04,HHS Region 9,ili perc,1,2017-02-11,quantile,0.1,2.95004193395169
2017-02-04,HHS Region 9,ili perc,1,2017-02-11,quantile,0.15,3.013508433221372
2017-02-04,HHS Region 9,ili perc,1,2017-02-11,quantile,0.2,3.047576044545519
2017-02-04,HHS Region 9,ili perc,1,2017-02-11,quantile,0.25,3.0723921804086514
2017-02-04,HHS Region 9,ili perc,1,2017-02-11,quantile,0.3,3.0921849676091893
2017-02-04,HHS Region 9,ili perc,1,2017-02-11,quantile,0.35,3.104725663474344
2017-02-04,HHS Region 9,ili perc,1,2017-02-11,quantile,0.4,3.1208515573137676
2017-02-04,HHS Region 9,ili perc,1,2017-02-11,quantile,0.45,3.1328705438729756
2017-02-04,HHS Region 9,ili perc,1,2017-02-11,quantile,0.5,3.148860158878642
2017-02-04,HHS Region 9,ili perc,1,2017-02-11,quantile,0.55,3.162166706077395
2017-02-04,HHS Region 9,ili perc,1,2017-02-11,quantile,0.6,3.1810316392726046
2017-02-04,HHS Region 9,ili perc,1,2017-02-11,quantile,0.65,3.1939719182726005
2017-02-04,HHS Region 9,ili perc,1,2017-02-11,quantile,0.7,3.2104873774220786
2017-02-04,HHS Region 9,ili perc,1,2017-02-11,quantile,0.75,3.2277906030510906
2017-02-04,HHS Region 9,ili perc,1,2017-02-11,quantile,0.8,3.249396611169383
2017-02-04,HHS Region 9,ili perc,1,2017-02-11,quantile,0.85,3.2797862022435433
2017-02-04,HHS Region 9,ili perc,1,2017-02-11,quantile,0.9,3.323551509537913
2017-02-04,HHS Region 9,ili perc,1,2017-02-11,quantile,0.95,3.4123543460595442
2017-02-04,HHS Region 9,ili perc,1,2017-02-11,quantile,0.975,3.5124197774273993
2017-02-04,HHS Region 9,ili perc,1,2017-02-11,quantile,0.99,3.7153660028879134
2017-02-04,HHS Region 9,ili perc,2,2017-02-18,quantile,0.01,2.7871432471685873
2017-02-04,HHS Region 9,ili perc,2,2017-02-18,quantile,0.025,2.9231999034613962
2017-02-04,HHS Region 9,ili perc,2,2017-02-18,quantile,0.05,3.0109284285760975
2017-02-04,HHS Region 9,ili perc,2,2017-02-18,quantile,0.1,3.094885483163116
2017-02-04,HHS Region 9,ili perc,2,2017-02-18,quantile,0.15,3.1397427900546844
2017-02-04,HHS Region 9,ili perc,2,2017-02-18,quantile,0.2,3.1791058562793886
2017-02-04,HHS Region 9,ili perc,2,2017-02-18,quantile,0.25,3.212178187281932
2017-02-04,HHS Region 9,ili perc,2,2017-02-18,quantile,0.3,3.239615556532886
2017-02-04,HHS Region 9,ili perc,2,2017-02-18,quantile,0.35,3.2676554206859176
2017-02-04,HHS Region 9,ili perc,2,2017-02-18,quantile,0.4,3.294846998618322
2017-02-04,HHS Region 9,ili perc,2,2017-02-18,quantile,0.45,3.322164384454881
2017-02-04,HHS Region 9,ili perc,2,2017-02-18,quantile,0.5,3.3455397587473716
2017-02-04,HHS Region 9,ili perc,2,2017-02-18,quantile,0.55,3.3784137922908277
2017-02-04,HHS Region 9,ili perc,2,2017-02-18,quantile,0.6,3.407906453095551
2017-02-04,HHS Region 9,ili perc,2,2017-02-18,quantile,0.65,3.4324276321161644
2017-02-04,HHS Region 9,ili perc,2,2017-02-18,quantile,0.7,3.4590549820370495
2017-02-04,HHS Region 9,ili perc,2,2017-02-18,quantile,0.75,3.488328466737403
2017-02-04,HHS Region 9,ili perc,2,2017-02-18,quantile,0.8,3.542891730400221
2017-02-04,HHS Region 9,ili perc,2,2017-02-18,quantile,0.85,3.624077197662394
2017-02-04,HHS Region 9,ili perc,2,2017-02-18,quantile,0.9,3.7631400892768863
2017-02-04,HHS Region 9,ili perc,2,2017-02-18,quantile,0.95,3.9594261354168756
2017-02-04,HHS Region 9,ili perc,2,2017-02-18,quantile,0.975,4.091293406846299
2017-02-04,HHS Region 9,ili perc,2,2017-02-18,quantile,0.99,4.290856457324733
2017-02-04,HHS Region 9,ili perc,3,2017-02-25,quantile,0.01,2.8934665567487974
2017-02-04,HHS Region 9,ili perc,3,2017-02-25,quantile,0.025,2.9713192386714544
2017-02-04,HHS Region 9,ili perc,3,2017-02-25,quantile,0.05,3.0484450688698357
2017-02-04,HHS Region 9,ili perc,3,2017-02-25,quantile,0.1,3.1322378608120496
2017-02-04,HHS Region 9,ili perc,3,2017-02-25,quantile,0.15,3.19843813871927
2017-02-04,HHS Region 9,ili perc,3,2017-02-25,quantile,0.2,3.2339476756286096
2017-02-04,HHS Region 9,ili perc,3,2017-02-25,quantile,0.25,3.272747167298423
2017-02-04,HHS Region 9,ili perc,3,2017-02-25,quantile,0.3,3.2988237293918368
2017-02-04,HHS Region 9,ili perc,3,2017-02-25,quantile,0.35,3.3317003273392114
2017-02-04,HHS Region 9,ili perc,3,2017-02-25,quantile,0.4,3.3620310237696494
2017-02-04,HHS Region 9,ili perc,3,2017-02-25,quantile,0.45,3.4063940672372413
2017-02-04,HHS Region 9,ili perc,3,2017-02-25,quantile,0.5,3.4639600563276645
2017-02-04,HHS Region 9,ili perc,3,2017-02-25,quantile,0.55,3.522028110742288
2017-02-04,HHS Region 9,ili perc,3,2017-02-25,quantile,0.6,3.574080941854889
2017-02-04,HHS Region 9,ili perc,3,2017-02-25,quantile,0.65,3.6098653190743
2017-02-04,HHS Region 9,ili perc,3,2017-02-25,quantile,0.7,3.643118031104991
2017-02-04,HHS Region 9,ili perc,3,2017-02-25,quantile,0.75,3.6800689791240155
2017-02-04,HHS Region 9,ili perc,3,2017-02-25,quantile,0.8,3.723173588822567
2017-02-04,HHS Region 9,ili perc,3,2017-02-25,quantile,0.85,3.766379658332964
2017-02-04,HHS Region 9,ili perc,3,2017-02-25,quantile,0.9,3.8465110322317364
2017-02-04,HHS Region 9,ili perc,3,2017-02-25,quantile,0.95,4.029089284865869
2017-02-04,HHS Region 9,ili perc,3,2017-02-25,quantile,0.975,4.127814487713998
2017-02-04,HHS Region 9,ili perc,3,2017-02-25,quantile,0.99,4.384657517843872
2017-02-04,HHS Region 9,ili perc,4,2017-03-04,quantile,0.01,2.7780075863499767
2017-02-04,HHS Region 9,ili perc,4,2017-03-04,quantile,0.025,2.965932382904606
2017-02-04,HHS Region 9,ili perc,4,2017-03-04,quantile,0.05,3.040656313107153
2017-02-04,HHS Region 9,ili perc,4,2017-03-04,quantile,0.1,3.138116703355357
2017-02-04,HHS Region 9,ili perc,4,2017-03-04,quantile,0.15,3.1892479452186584
2017-02-04,HHS Region 9,ili perc,4,2017-03-04,quantile,0.2,3.2282344866430006
2017-02-04,HHS Region 9,ili perc,4,2017-03-04,quantile,0.25,3.265885719054569
2017-02-04,HHS Region 9,ili perc,4,2017-03-04,quantile,0.3,3.298793097096695
2017-02-04,HHS Region 9,ili perc,4,2017-03-04,quantile,0.35,3.3326960381433874
2017-02-04,HHS Region 9,ili perc,4,2017-03-04,quantile,0.4,3.3728433949719103
2017-02-04,HHS Region 9,ili perc,4,2017-03-04,quantile,0.45,3.407641783145264
2017-02-04,HHS Region 9,ili perc,4,2017-03-04,quantile,0.5,3.4331656856631048
2017-02-04,HHS Region 9,ili perc,4,2017-03-04,quantile,0.55,3.4578703077247384
2017-02-04,HHS Region 9,ili perc,4,2017-03-04,quantile,0.6,3.4891376861597365
2017-02-04,HHS Region 9,ili perc,4,2017-03-04,quantile,0.65,3.51504766403745
2017-02-04,HHS Region 9,ili perc,4,2017-03-04,quantile,0.7,3.53858853227287
2017-02-04,HHS Region 9,ili perc,4,2017-03-04,quantile,0.75,3.566054117204837
2017-02-04,HHS Region 9,ili perc,4,2017-03-04,quantile,0.8,3.604671439521804
2017-02-04,HHS Region 9,ili perc,4,2017-03-04,quantile,0.85,3.6616991971647392
2017-02-04,HHS Region 9,ili perc,4,2017-03-04,quantile,0.9,3.783754258100883
2017-02-04,HHS Region 9,ili perc,4,2017-03-04,quantile,0.95,3.9506661369330525
2017-02-04,HHS Region 9,ili perc,4,2017-03-04,quantile,0.975,4.086193778204178
2017-02-04,HHS Region 9,ili perc,4,2017-03-04,quantile,0.99,4.313871843871504
2017-02-04,US National,ili perc,1,2017-02-11,quantile,0.01,3.8773869033988326
2017-02-04,US National,ili perc,1,2017-02-11,quantile,0.025,3.9360019014022525
2017-02-04,US National,ili perc,1,2017-02-11,quantile,0.05,3.993797053056192
2017-02-04,US National,ili perc,1,2017-02-11,quantile,0.1,4.043024526019916
2017-02-04,US National,ili perc,1,2017-02-11,quantile,0.15,4.078037127266114
2017-02-04,US National,ili perc,1,2017-02-11,quantile,0.2,4.096336106541697
2017-02-04,US National,ili perc,1,2017-02-11,quantile,0.25,4.115202117554447
2017-02-04,US National,ili perc,1,2017-02-11,quantile,0.3,4.123611287590758
2017-02-04,US National,ili perc,1,2017-02-11,quantile,0.35,4.130113313839681
2017-02-04,US National,ili perc,1,2017-02-11,quantile,0.4,4.136560303263533
2017-02-04,US National,ili perc,1,2017-02-11,quantile,0.45,4.143075717569927
2017-02-04,US National,ili perc,1,2017-02-11,quantile,0.5,4.1479721923076305
2017-02-04,US National,ili perc,1,2017-02-11,quantile,0.55,4.154290125903178
2017-02-04,US National,ili perc,1,2017-02-11,quantile,0.6,4.159829602133916
2017-02-04,US National,ili perc,1,2017-02-11,quantile,0.65,4.164942800199392
2017-02-04,US National,ili perc,1,2017-02-11,quantile,0.7,4.172990725445105
2017-02-04,US National,ili perc,1,2017-02-11,quantile,0.75,4.180830611403718
2017-02-04,US National,ili perc,1,2017-02-11,quantile,0.8,4.1971320544831885
2017-02-04,US National,ili perc,1,2017-02-11,quantile,0.85,4.221364062765925
2017-02-04,US National,ili perc,1,2017-02-11,quantile,0.9,4.266577988760018
2017-02-04,US National,ili perc,1,2017-02-11,quantile,0.95,4.383205590344838
2017-02-04,US National,ili perc,1,2017-02-11,quantile,0.975,4.638729861328364
2017-02-04,US National,ili perc,1,2017-02-11,quantile,0.99,4.75281065125544
2017-02-04,US National,ili perc,2,2017-02-18,quantile,0.01,3.6171865065392366
2017-02-04,US National,ili perc,2,2017-02-18,quantile,0.025,3.6780612586097226
2017-02-04,US National,ili perc,2,2017-02-18,quantile,0.05,3.7337678224821387
2017-02-04,US National,ili perc,2,2017-02-18,quantile,0.1,3.7790420632321813
2017-02-04,US National,ili perc,2,2017-02-18,quantile,0.15,3.7997111855048393
2017-02-04,US National,ili perc,2,2017-02-18,quantile,0.2,3.818849755670981
2017-02-04,US National,ili perc,2,2017-02-18,quantile,0.25,3.841190123668687
2017-02-04,US National,ili perc,2,2017-02-18,quantile,0.3,3.864642384711174
2017-02-04,US National,ili perc,2,2017-02-18,quantile,0.35,3.8821096612700465
2017-02-04,US National,ili perc,2,2017-02-18,quantile,0.4,3.9135120623744237
2017-02-04,US National,ili perc,2,2017-02-18,quantile,0.45,3.929396884283592
2017-02-04,US National,ili perc,2,2017-02-18,quantile,0.5,3.9448229927273695
2017-02-04,US National,ili perc,2,2017-02-18,quantile,0.55,3.9594600667342963
2017-02-04,US National,ili perc,2,2017-02-18,quantile,0.6,3.978578907341109
2017-02-04,US National,ili perc,2,2017-02-18,quantile,0.65,3.9985017957334876
2017-02-04,US National,ili perc,2,2017-02-18,quantile,0.7,4.023123344386853
2017-02-04,US National,ili perc,2,2017-02-18,quantile,0.75,4.044832841092253
2017-02-04,US National,ili perc,2,2017-02-18,quantile,0.8,4.058985789861301
2017-02-04,US National,ili perc,2,2017-02-18,quantile,0.85,4.083640971334104
2017-02-04,US National,ili perc,2,2017-02-18,quantile,0.9,4.1209577196743
2017-02-04,US National,ili perc,2,2017-02-18,quantile,0.95,4.197068473531232
2017-02-04,US National,ili perc,2,2017-02-18,quantile,0.975,4.331043034970636
2017-02-04,US National,ili perc,2,2017-02-18,quantile,0.99,4.55095049065731
2017-02-04,US National,ili perc,3,2017-02-25,quantile,0.01,3.4300368041409897
2017-02-04,US National,ili perc,3,2017-02-25,quantile,0.025,3.523406801752298
2017-02-04,US National,ili perc,3,2017-02-25,quantile,0.05,3.564953419895347
2017-02-04,US National,ili perc,3,2017-02-25,quantile,0.1,3.609745020669698
2017-02-04,US National,ili perc,3,2017-02-25,quantile,0.15,3.642588637436219
2017-02-04,US National,ili perc,3,2017-02-25,quantile,0.2,3.6777477363455793
2017-02-04,US National,ili perc,3,2017-02-25,quantile,0.25,3.7018147301119635
2017-02-04,US National,ili perc,3,2017-02-25,quantile,0.3,3.7256803059146995
2017-02-04,US National,ili perc,3,2017-02-25,quantile,0.35,3.737426313502123
2017-02-04,US National,ili perc,3,2017-02-25,quantile,0.4,3.7496139549079515
2017-02-04,US National,ili perc,3,2017-02-25,quantile,0.45,3.759605406298697
2017-02-04,US National,ili perc,3,2017-02-25,quantile,0.5,3.7664669874370165
2017-02-04,US National,ili perc,3,2017-02-25,quantile,0.55,3.7755063228446737
2017-02-04,US National,ili perc,3,2017-02-25,quantile,0.6,3.7832764322566783
2017-02-04,US National,ili perc,3,2017-02-25,quantile,0.65,3.793293347223458
2017-02-04,US National,ili perc,3,2017-02-25,quantile,0.7,3.805000377312796
2017-02-04,US National,ili perc,3,2017-02-25,quantile,0.75,3.8204765989576286
2017-02-04,US National,ili perc,3,2017-02-25,quantile,0.8,3.840450633637379
2017-02-04,US National,ili perc,3,2017-02-25,quantile,0.85,3.8925296491572086
2017-02-04,US National,ili perc,3,2017-02-25,quantile,0.9,3.9643124362790783
2017-02-04,US National,ili perc,3,2017-02-25,quantile,0.95,4.094584440336297
2017-02-04,US National,ili perc,3,2017-02-25,quantile,0.975,4.289318714688497
2017-02-04,US National,ili perc,3,2017-02-25,quantile,0.99,4.446103144167907
2017-02-04,US National,ili perc,4,2017-03-04,quantile,0.01,3.100905388688935
2017-02-04,US National,ili perc,4,2017-03-04,quantile,0.025,3.2819390580530983
2017-02-04,US National,ili perc,4,2017-03-04,quantile,0.05,3.3620395461700574
2017-02-04,US National,ili perc,4,2017-03-04,quantile,0.1,3.429460400700686
2017-02-04,US National,ili perc,4,2017-03-04,quantile,0.15,3.4689379006527656
2017-02-04,US National,ili perc,4,2017-03-04,quantile,0.2,3.502519410632092
2017-02-04,US National,ili perc,4,2017-03-04,quantile,0.25,3.5208063689695748
2017-02-04,US National,ili perc,4,2017-03-04,quantile,0.3,3.5378006430492484
2017-02-04,US National,ili perc,4,2017-03-04,quantile,0.35,3.5518661817835158
2017-02-04,US National,ili perc,4,2017-03-04,quantile,0.4,3.5620602159138413
2017-02-04,US National,ili perc,4,2017-03-04,quantile,0.45,3.5737002223102916
2017-02-04,US National,ili perc,4,2017-03-04,quantile,0.5,3.586058231163101
2017-02-04,US National,ili perc,4,2017-03-04,quantile,0.55,3.597030328836646
2017-02-04,US National,ili perc,4,2017-03-04,quantile,0.6,3.6226355523342466
2017-02-04,US National,ili perc,4,2017-03-04,quantile,0.65,3.6544029102834825
2017-02-04,US National,ili perc,4,2017-03-04,quantile,0.7,3.6837737573042473
2017-02-04,US National,ili perc,4,2017-03-04,quantile,0.75,3.7096185744222376
2017-02-04,US National,ili perc,4,2017-03-04,quantile,0.8,3.7294651600585595
2017-02-04,US National,ili perc,4,2017-03-04,quantile,0.85,3.759615453704741
2017-02-04,US National,ili perc,4,2017-03-04,quantile,0.9,3.8089034571347336
2017-02-04,US National,ili perc,4,2017-03-04,quantile,0.95,3.98514391472356
2017-02-04,US National,ili perc,4,2017-03-04,quantile,0.975,4.166659126564847
2017-02-04,US National,ili perc,4,2017-03-04,quantile,0.99,4.354014694011815
